-2.67279 5.00000 1.57093 -0.24425 4.17086 -2.44045 -1.35299 1.81078 -0.74954 1.07422 0.13294 -2.62152 2.51796 -0.09243 1.59951 -1.84873 0.50664 -1.97353 2.00607 -2.37528 -0.84817 -0.38797 3.05361 2.62793 -5.00000 -5.00000 0.26301 -2.40392 -2.93348 1.55529 -5.00000 2.47992 -2.66198 -1.83159 0.03599 -0.99178 -1.01400 -0.61020 -2.42120 1.61536 -1.75882 0.81399 4.82996 -1.51449 -3.93909 0.85212 -0.54791 -2.82760 0.29543 3.26819 1.57271 -4.62726 -2.22837 -1.71268 2.08548 -1.68193 1.11679 -3.88582 -0.02624 -1.54369 -0.00351 -0.83856 1.50361 -0.02029 
-1.31578 -0.30699 0.04353 -3.20221 0.88036 -2.00817 -0.13605 -1.80216 -0.26808 0.36511 0.07942 0.57099 0.91516 -0.69392 -0.98874 -1.34759 0.07390 -0.49046 1.48204 -1.06974 -0.63566 -3.44609 2.18385 -0.38474 0.17708 0.08375 0.34389 -0.12991 -1.70337 -1.32901 1.92996 -1.76155 1.61884 -0.87714 -2.22546 -3.51798 1.72747 -3.72193 -0.54950 1.14395 -2.86573 -0.32156 1.76335 -3.86307 -1.32344 -0.21785 -0.56043 -0.82745 1.57101 -2.56157 -0.13192 -3.41763 0.29093 -1.29756 0.85964 -1.65465 0.44836 -0.45057 3.07772 0.43079 2.67112 -2.54543 -0.66409 2.65030 
0.70979 -3.64040 0.18020 1.86923 -2.15161 0.19582 1.02741 0.70165 0.73038 -0.55642 0.05511 2.63128 -1.02492 -0.96027 -1.65111 -0.82728 -0.11443 1.41409 0.34220 0.81018 0.01114 -2.75977 0.60346 -1.93216 3.95531 3.79387 0.36608 1.59161 1.48949 -3.22826 5.00000 -4.68263 3.89440 0.49124 1.48206 -0.00838 -0.00169 -3.97108 1.15914 -0.58050 0.29200 0.57878 -1.40388 0.24231 1.40702 -0.80091 0.58355 1.12920 0.81047 -3.82034 -1.32587 1.85459 2.01409 -0.40879 -0.45025 0.17990 -0.14522 2.47440 2.31952 0.49243 0.49630 0.91951 -0.39762 -0.89126 
1.22671 1.27643 0.27591 3.70698 -1.63715 1.67176 1.14658 1.81421 0.04519 -0.05155 0.07457 2.30559 -1.60188 -0.16505 -0.37121 0.29296 0.19637 1.16799 -0.72769 2.05575 -0.00241 2.38832 -1.00122 -1.20880 3.05906 5.00000 0.20145 0.91186 1.39533 -0.44942 3.81156 0.63072 0.60352 -0.42079 2.66905 1.70021 -1.61097 3.89539 1.13766 0.78903 2.43360 0.80875 -2.45340 3.10541 0.31714 0.73471 0.63913 0.35756 0.34069 0.14615 -0.18969 3.50953 0.60610 0.04544 -0.49637 1.45456 0.42022 -1.07924 -2.03861 -1.06664 -1.76897 2.77785 0.11038 -2.64345 
-1.17910 1.72033 0.19596 0.68991 1.59694 0.02658 0.49998 0.74790 -0.45487 0.31691 0.07055 -0.77194 -0.97619 0.08356 0.72624 0.74618 0.28657 -2.04146 0.35915 -1.68772 -0.41077 0.74497 -1.47673 0.11802 -2.24866 -1.69252 -0.08715 -1.24875 -0.20080 2.04562 -3.19102 1.48057 -1.80600 -0.60690 -1.61341 -0.62886 -0.61531 4.95899 0.31657 1.32651 1.05533 0.15624 -1.89862 -0.22001 -0.70942 1.25190 -0.06419 -0.45298 -0.08585 3.02630 -0.23370 -0.46852 -1.06374 0.25453 0.20453 -0.46878 0.73131 -2.20667 -2.93881 -1.29710 -1.34261 2.18188 0.32119 1.13041 
-2.54064 -0.51528 -0.08408 -1.76932 2.77199 -1.22243 -0.55264 -0.33236 0.33342 0.25134 0.03479 -2.22636 -0.36011 0.12513 0.49860 0.35249 0.13362 -3.07856 1.14281 0.36844 -1.09680 -1.41031 -0.32469 0.05976 -1.61124 -3.68293 0.08639 -1.90369 -1.10940 0.88073 -3.04102 0.87142 -1.36263 0.16828 -3.24683 -2.63421 -0.06103 -1.18550 0.03369 0.82062 -0.64318 -0.37335 -0.30034 -2.37455 -0.97436 -0.64930 -0.55743 -0.47999 0.11396 2.37325 0.00131 -2.99572 0.04044 -0.18610 0.32826 -1.12391 0.01039 -0.81605 0.10598 0.17513 2.08647 -1.49584 -0.02172 2.10773 
-0.46666 -1.44962 -0.04901 -1.46947 -1.00324 -0.14237 -0.49965 -0.73876 0.36496 -0.02212 0.06777 -0.13871 0.39547 0.14318 -0.94995 -0.42124 -0.11510 -1.76722 0.55032 1.69976 -0.32883 -1.50391 0.52363 -0.01678 -0.90295 -3.24341 0.32918 -1.99019 -0.09584 -0.23197 4.31696 -1.39582 1.65700 0.20892 0.27420 -2.71922 0.45721 -4.35382 -0.17058 0.16998 -1.05775 0.27004 -0.53825 -0.07924 1.65292 -0.46174 0.26146 0.09129 0.47372 -0.70508 0.13071 -0.60356 0.84645 -0.46621 -0.02866 0.51540 -0.47281 0.94778 2.26303 0.97426 3.47220 -2.75634 -0.80932 -0.89318 
0.45596 -1.08610 0.14782 0.76780 -2.42836 0.71414 0.02736 -0.16355 0.03321 -0.24875 0.07710 1.49482 -0.17628 0.10755 -0.03900 -0.34266 -0.07571 1.48584 -0.31714 1.92411 0.00302 -0.73159 0.31323 0.02133 1.76684 2.94993 0.19375 0.99814 0.71656 -0.94001 0.98498 -2.05902 1.98202 -0.46280 2.59268 -1.03055 0.52031 -0.22010 -0.02832 -0.59424 1.62572 0.43994 -0.68431 1.63145 0.80126 0.82792 0.63014 0.45568 0.08350 -1.64350 0.13173 1.72812 0.49321 -0.33113 -0.18987 1.56742 -0.27984 1.27636 1.14110 0.48767 -1.23227 -3.07405 -1.28219 -1.95056 
0.72874 0.33938 0.26177 1.44606 -2.36881 0.90976 0.43798 0.38346 -0.19408 -0.25175 0.03753 2.18671 -0.49556 -0.12299 0.69537 -0.16688 0.07410 1.41060 -0.42292 0.22890 0.29566 0.70001 0.10028 0.01831 1.27202 1.84129 0.06975 0.93078 0.18974 -0.73270 -2.28181 -2.29068 -0.26445 -0.76625 -0.46971 0.81109 0.37004 2.81179 0.07194 0.35299 2.43264 -0.20519 0.02717 -0.11373 -0.08337 0.96586 -0.14719 0.13240 -0.23770 -0.72542 0.07444 -0.56433 -0.26695 0.03793 0.00476 -0.33689 0.23632 -1.88321 -1.89537 -0.56132 -3.50609 2.19920 0.31724 0.48599 
0.46389 1.25823 -0.04808 0.44301 -0.84492 0.20577 -0.45163 0.39131 0.12739 0.01545 0.02984 0.73422 -0.16336 0.00045 0.79882 -0.11057 0.17632 -1.78144 -0.36632 -1.37387 0.00694 0.51903 -0.12448 0.01094 -0.39566 0.57334 0.25531 -0.87245 -0.67507 0.11747 -0.17528 -0.17696 -1.58189 -0.15919 -2.04713 -1.03329 -0.08292 -1.89618 -0.12465 0.67648 2.08685 -0.22012 0.56413 -1.31531 -0.58076 0.20430 -0.65875 -0.35417 -0.30637 0.63995 0.02006 -2.02811 -0.25947 0.10268 0.16426 -1.41131 0.45628 -1.84256 -1.67300 -0.34848 -1.39375 4.58440 1.38287 2.06243 
-0.12236 0.06519 -0.26910 -0.61973 0.43225 -0.87114 0.13885 -0.80664 0.21589 0.08464 0.06367 -1.87982 0.34282 0.03236 0.22195 -0.27453 0.11903 -1.67392 -0.24174 0.42378 -0.15941 -0.86365 0.07284 -0.06879 -1.22030 -0.70189 0.33191 -0.45810 -0.11449 0.26864 1.61361 1.45684 0.66054 -0.14443 -0.34753 -1.03833 0.05485 -3.29837 -0.20618 0.21323 -2.26984 0.29539 0.28078 0.21094 0.28940 -0.55510 -0.36664 -0.16311 0.01241 0.17194 0.08593 -1.92814 0.20542 -0.23826 -0.04250 -0.76369 0.24142 0.27249 -0.33647 0.75205 2.86775 0.24396 0.49477 -1.30324 
-0.37973 -0.96517 0.09849 -0.66003 -1.26804 -0.43784 0.46357 -0.39308 -0.01344 -0.11168 0.07698 -2.97475 0.12941 -0.05483 -0.46537 -0.18602 0.01035 0.35318 -0.09348 0.92931 0.05350 -0.73523 0.19377 -0.10786 0.52017 -0.74780 0.13556 0.15272 0.33814 -0.43625 1.77738 -1.44034 2.10761 -0.11937 1.33253 -0.45098 0.79073 1.98292 0.05763 -0.19099 -3.10321 0.37403 -0.14176 0.80413 0.25939 -0.30845 0.36118 0.01691 0.28284 -0.28889 0.09352 0.29955 0.30215 -0.16913 -0.08436 0.62591 -0.03409 1.64580 0.98908 0.58696 1.24173 -4.16484 -0.60002 -2.51442 
-0.15203 -0.18819 0.07727 0.41515 -1.03534 0.67978 -0.06137 0.41467 -0.08488 -0.13243 0.03571 -0.08461 -0.06140 -0.11435 -0.26187 -0.20031 -0.02290 1.76909 0.19373 0.39677 0.18971 -0.56743 0.09279 -0.03133 1.42935 -0.05279 -0.12422 0.36906 0.22336 -0.18825 0.73453 -0.90692 2.52811 -0.04583 1.17249 -0.21413 0.46533 2.95497 0.24997 -0.46141 0.76473 -0.06367 -0.28585 -0.27912 -0.22914 1.05826 -0.08516 0.15003 -0.06387 -0.35634 0.04316 1.43415 -0.02688 -0.07085 0.04470 0.03914 0.07470 1.44647 1.09251 -0.29106 -1.94209 -1.40130 -0.61375 1.98255 
0.30409 0.61975 0.02922 0.79602 0.37569 1.11019 -0.36062 0.49114 0.03020 0.07125 0.00854 2.08018 -0.10302 -0.14429 0.27463 -0.02006 0.04260 1.61445 -0.02490 0.46406 -0.14355 -0.43962 0.00818 0.08567 -0.57591 0.57162 -0.15423 0.22779 -0.38215 0.18179 -0.86737 0.65632 1.16316 0.02181 -0.89982 -0.28720 0.02890 -1.15846 -0.08772 0.19530 3.06569 -0.24525 -0.23907 -0.58945 -0.26263 0.61810 -0.33926 0.11155 -0.24753 0.01531 0.08047 1.03306 -0.22961 0.02729 0.13888 -0.38908 0.19353 0.17517 -0.21763 -0.33232 -1.13759 2.12909 0.81875 1.81053 
0.22310 0.33687 0.01514 0.12530 -0.74530 -0.34891 0.19862 -0.40715 0.14286 0.10959 0.03675 1.20595 0.04887 -0.05929 0.39388 0.13221 0.06161 0.19508 -0.24910 0.15533 -0.35175 0.29822 -0.04309 0.11664 -1.35680 -0.15914 0.06291 -0.20221 -0.49853 0.26783 -1.36621 1.05139 0.05148 -0.03114 -0.43407 -1.12028 0.36035 -2.12850 -0.03858 -0.00108 0.79261 -0.04267 0.18677 -0.36381 0.24024 -0.08734 0.38082 0.08182 0.11719 0.47197 0.09663 0.47420 -0.18883 0.05158 0.08390 0.16776 0.15357 -0.84809 -0.82201 0.13384 0.90810 0.04595 0.83988 -1.20650 
-0.19992 -0.24155 0.00360 -0.46842 -1.81436 -1.00625 0.44607 -0.42027 -0.03396 -0.04189 0.02853 -1.97444 0.11294 0.02963 0.09385 0.11666 0.04642 -0.87134 -0.26497 -0.14722 0.00782 -0.01979 -0.03445 -0.02373 0.32586 -0.46303 0.18740 0.03896 0.00200 -0.56023 -1.05836 -1.29308 -0.86070 -0.06073 0.44230 -0.09384 0.37919 1.44763 -0.00272 -0.14440 -1.62690 0.12310 0.21651 -0.13049 0.50679 -0.48101 0.64388 0.12375 0.15559 0.43246 0.10150 -0.71634 -0.00476 -0.10676 -0.09057 0.25811 0.15503 -0.40246 -0.66459 0.37010 1.87809 -1.52296 -0.06038 -2.27227 
-0.25197 -0.39974 0.00143 -0.61210 1.16863 0.34188 0.08956 0.22469 -0.10552 -0.13888 -0.00337 -2.06188 0.10433 0.01661 -0.16618 0.08792 0.00503 0.10987 -0.02197 0.01336 0.27023 -0.25187 0.02476 -0.12350 1.32291 0.09261 0.17953 0.18807 0.36490 -0.65827 -0.06678 -1.59469 -0.47254 -0.06438 -0.00421 0.05719 0.27624 1.94000 -0.00843 -0.12044 -1.06047 -0.08079 -0.23826 0.16768 -0.38781 -0.59437 0.29655 0.14650 -0.14932 -0.27144 0.06515 -0.10171 0.10297 -0.14895 -0.14995 -0.01657 0.11207 0.94587 1.03738 0.17652 2.24746 1.29341 -0.20195 1.80511 
0.02098 0.07663 0.01913 -0.07600 0.77280 0.62690 -0.20988 0.06931 -0.00767 0.08602 -0.00998 1.42278 0.03252 -0.10380 0.07489 -0.07264 -0.02405 0.77894 0.16729 0.13053 0.06148 0.05785 0.05034 -0.10487 0.14010 0.45230 -0.06686 0.10498 0.13083 -0.36749 0.60259 1.24630 0.23828 -0.03411 -0.32344 0.15749 -0.03913 -1.63430 -0.01337 0.00685 2.87501 -0.15133 -0.46657 -0.21148 0.10840 0.50025 -0.28083 0.00296 -0.15140 -0.37888 -0.02060 0.41953 0.01827 -0.03175 0.22034 -0.16433 -0.03994 0.18097 0.73439 -0.18655 1.07055 0.45001 0.46993 4.00986 
0.17395 0.40335 -0.00393 0.38876 -2.89483 0.56786 0.06679 -0.12170 0.04104 -0.00337 0.01556 2.68538 -0.01792 -0.09558 0.21399 -0.18070 -0.02804 0.37912 -0.02812 0.07898 -0.19811 0.17773 0.00202 -0.03069 -0.83967 0.35593 -0.20125 -0.10008 -0.08952 0.29246 -0.25465 2.49178 0.46034 0.03233 0.12303 0.17642 0.40507 -1.59199 -0.01697 0.09974 1.68517 -0.01265 0.29032 -0.36562 0.59663 0.77460 -0.27299 0.11291 -0.08453 -0.37159 -0.04562 0.00241 -0.05343 0.06710 0.19220 -0.08830 -0.12108 -0.41669 -1.15613 0.09838 -1.34902 -0.46061 0.51102 -0.02521 
0.09266 0.19316 0.00356 0.15497 -0.79834 -0.59059 0.21527 -0.20007 0.05072 -0.05443 0.00872 -1.19043 0.01541 0.07414 0.02899 -0.00233 -0.00889 -0.56693 -0.16013 -0.01510 -0.00978 -0.11335 -0.04358 0.03672 -0.24272 -0.34894 0.08355 -0.09891 -0.21963 0.26222 -0.56109 -0.83496 -0.05352 0.02522 0.06977 -0.12149 0.65936 -0.94968 -0.01666 0.00603 -0.44947 0.08579 0.40054 -0.24396 -0.34938 -0.68129 0.19123 0.06951 0.02144 0.44371 -0.04169 -0.29992 -0.01947 -0.05856 -0.06509 0.14331 -0.06689 -0.45852 -1.66002 0.41170 1.14600 -0.30251 0.36526 -2.92793 
-0.12580 -0.32083 0.00184 -0.30606 1.44793 -1.00384 -0.03463 0.06736 -0.02729 -0.02910 -0.02240 -2.28795 0.02491 0.12724 -0.15647 0.13242 0.00301 -0.22107 -0.14414 -0.05116 0.13515 -0.05839 0.02668 -0.00638 0.68976 -0.69009 0.08692 -0.08179 -0.01292 -0.33657 -0.52202 -1.68597 -0.40188 0.00271 -0.00052 -0.13363 -0.14603 0.88540 -0.01066 -0.06134 0.07015 -0.01106 0.00661 0.15603 -0.12102 -0.53556 0.28542 0.11950 0.07149 1.00297 -0.00540 -0.08876 0.02243 -0.06116 -0.17135 0.07861 0.02163 0.33509 0.31477 0.40240 1.81278 0.39081 -0.09459 -0.10202 
-0.19937 -0.10655 0.00043 -0.18957 0.46834 -0.06964 -0.21316 0.23027 -0.06697 0.01407 -0.02651 0.71269 0.00821 0.04150 0.07401 -0.09231 0.00787 0.74990 -0.09342 0.07281 0.02891 0.11562 0.02982 -0.01967 -0.14536 0.45028 -0.00865 0.00216 0.04999 -0.24495 -0.26960 -0.97308 -0.48599 0.00791 -0.06014 0.27014 -0.73053 1.73367 -0.01089 -0.01718 0.43902 -0.06109 -0.28509 -0.06549 0.32923 0.30557 0.19813 0.08753 -0.05000 0.29324 -0.01455 0.13651 0.03248 -0.01880 -0.13734 -0.10418 -0.00750 0.42004 1.59989 -0.23095 1.98940 0.31821 -0.36715 2.09901 
0.17880 0.36506 0.00275 0.11236 -0.44137 0.68592 -0.22273 -0.05324 -0.01863 -0.00462 0.07823 0.97878 -0.00573 -0.06059 0.08292 -0.08873 -0.00212 0.57637 -0.01668 0.05147 -0.10958 0.07395 0.00617 -0.00476 -0.67852 0.88020 -0.07841 0.06342 0.04750 -0.10078 0.32035 0.22009 0.25056 0.02062 -0.02063 0.20088 -0.37965 -0.05923 -0.00975 0.06402 0.03025 0.01777 -0.13004 -0.22982 0.53637 0.34995 -0.47508 0.09213 -0.06765 -0.73970 -0.04985 0.03936 0.01839 0.02535 0.09289 -0.08166 -0.07572 -0.02341 2.22976 -0.46360 0.65548 -0.40797 -0.48999 1.82202 
0.24660 0.36443 0.01288 0.15061 0.25857 0.98307 0.04146 -0.21977 0.02708 -0.01841 0.02130 -1.53889 0.00923 0.05768 -0.01633 -0.00054 0.00287 -0.35337 0.05096 -0.00125 -0.05500 -0.09859 -0.01109 0.00612 1.17450 0.78448 0.02061 0.03217 0.00568 0.13328 0.35701 0.93163 0.39246 0.00988 0.04028 -0.29594 0.04981 -1.36420 0.00722 0.06177 -0.28079 0.06013 0.16954 -0.16220 -0.02432 -0.30047 -0.31992 0.15852 0.00474 0.29699 -0.00602 -0.11547 -0.00772 0.05603 0.12383 0.11514 -0.02517 -0.34692 -2.36222 0.01942 -0.18085 -0.20188 0.31392 0.91877 
0.04030 -0.51337 0.01948 -0.06379 0.68622 -0.82151 0.12353 -0.08837 0.00462 -0.01934 -0.00802 -0.06447 0.01750 0.06484 -0.08870 0.06292 0.01027 0.05387 0.05126 -0.03223 0.05448 -0.13156 -0.00434 -0.00945 1.96832 -0.01216 0.05382 -0.03621 0.02972 -0.07826 -0.86209 -0.65025 0.15781 0.02140 0.06465 -0.06441 0.09320 0.81722 0.00184 0.01431 0.06038 0.02681 0.33508 0.13412 -0.34098 -0.50446 0.56912 0.04682 0.06796 0.56705 0.02705 -0.06056 0.02215 0.05642 0.06460 0.16250 -0.01818 -0.37678 -2.18878 0.45241 -0.68758 0.17599 0.73512 -1.28383 
-0.14240 -0.08410 0.01310 -0.15489 0.07235 -1.25374 0.11384 0.18134 -0.03174 0.00522 -0.02198 1.01618 0.00532 0.03671 0.04041 0.03215 0.01215 0.32651 -0.06125 0.04611 0.01370 -0.08025 0.01344 -0.01299 -1.50907 -0.45122 -0.01870 -0.02423 0.01382 -0.18140 -0.00991 -1.35669 -0.50697 0.00283 -0.04165 0.31641 -0.55816 1.15403 -0.00198 -0.03820 0.27753 -0.04151 0.26549 0.28565 -0.04189 0.38363 -0.10060 0.05336 0.02085 0.18155 -0.05737 0.07235 0.02588 0.00705 -0.00387 -0.11931 -0.04625 -0.10092 0.45529 0.36335 -0.25001 -0.02124 -0.51623 -1.15653 
-0.05317 0.36439 0.00795 -0.12850 -0.27431 0.68230 -0.04535 0.11966 -0.04023 0.00288 -0.00178 0.08636 -0.00287 -0.02014 0.06805 -0.07568 0.00937 0.21701 -0.01719 0.02603 -0.02187 0.13180 0.01440 -0.00161 -1.44360 0.53600 -0.02441 -0.00142 -0.00556 -0.21400 0.47821 1.52252 -0.63192 -0.01122 -0.05061 -0.00189 -0.02706 -1.56461 -0.00445 -0.04267 0.06099 -0.08151 -0.03447 0.18775 0.41022 0.42666 -0.57064 -0.01003 -0.02060 -0.28315 -0.05408 0.09417 0.01049 -0.03712 0.01222 -0.19136 -0.04533 0.14569 1.59239 -0.07488 0.37147 -0.15115 -0.91009 -0.70662 
0.10305 -0.05780 0.00664 0.07918 0.67111 1.73689 -0.10683 -0.08424 -0.00881 -0.01790 0.02175 -0.77979 -0.00477 -0.05098 -0.09478 -0.07120 0.00469 -0.16070 0.03359 -0.03927 -0.03976 0.00987 0.00335 0.00389 0.78784 0.62992 0.01995 0.01967 0.03303 0.04406 0.63943 0.12826 -0.18562 0.02746 -0.00533 -0.23456 0.09784 -0.68237 0.01170 0.04354 -0.19641 -0.00889 -0.22119 -0.30910 0.61166 -0.14576 0.04727 0.03608 -0.04198 -0.14737 0.04068 -0.03686 0.00715 -0.01127 0.05063 0.20059 0.01817 -0.03223 0.73604 -0.20979 0.44014 0.04364 0.16833 0.44413 
0.11625 -0.31318 0.01592 0.13280 0.54658 -1.65253 -0.06624 -0.06354 0.00776 -0.01538 0.01592 -0.01082 0.00151 0.00565 -0.04346 0.07184 0.00820 -0.08422 -0.03248 -0.00888 -0.02282 -0.12585 -0.00471 0.00791 1.23716 -0.06061 0.01587 0.02205 0.05381 0.19255 -0.46107 -1.36226 0.32379 0.03614 0.01094 0.07882 -0.44459 1.24631 0.00821 0.07296 -0.07864 0.08174 -0.05557 -0.51788 -0.28976 -0.43698 0.47213 0.02308 -0.03196 0.15557 0.09041 -0.06067 0.00458 0.02800 0.06764 0.30418 0.06367 -0.12079 -1.56663 0.10024 0.09948 0.14985 0.83017 0.59859 
-0.05096 0.15622 0.02043 0.03838 0.20181 -0.19618 0.08642 0.14538 0.01628 -0.01021 0.00249 0.56087 0.00620 0.04584 0.06699 0.03843 0.01109 0.18441 -0.04150 0.04456 0.03582 -0.14277 -0.00193 0.00355 -0.51265 -0.46904 -0.01107 -0.02032 0.00994 0.09766 -0.77736 -0.18266 0.18120 -0.01286 -0.05797 0.13835 -0.63244 1.71479 -0.00393 -0.02970 0.18029 0.00043 0.12608 -0.50389 0.00283 -0.03703 0.69847 -0.00251 0.01477 -0.00832 0.07565 0.03908 0.00340 0.01213 -0.01107 -0.32183 -0.01531 -0.02594 -0.20181 0.36466 -0.15522 0.14466 -0.26782 -0.79354 
-0.10359 0.44153 0.02252 -0.08164 -0.34231 0.88876 0.03820 0.07521 -0.00703 0.00514 -0.01038 0.37148 -0.00110 0.05127 0.01275 -0.09223 0.00099 0.10467 0.00851 0.00392 0.02039 -0.07832 0.00009 0.00037 -0.70626 -0.13974 -0.01735 -0.01480 -0.01610 -0.06614 -0.42944 0.94783 0.03979 0.00645 -0.09039 0.02337 -0.38759 -1.39500 -0.00275 -0.03132 0.14218 -0.04199 0.13116 0.71712 0.21418 0.26854 -0.77936 -0.01656 0.04081 -0.11830 -0.17925 0.04434 0.00173 -0.00766 -0.02814 -0.56736 -0.06245 0.05647 1.12741 0.19851 -0.17491 -0.04864 -0.76355 0.23783 
0.01534 -0.13698 0.00683 0.03722 -0.32205 1.04439 -0.06049 -0.04037 -0.02392 0.01252 0.02518 0.04865 -0.00246 -0.00513 -0.02926 -0.02023 -0.00050 0.02649 0.03785 -0.02629 -0.01791 0.05543 0.00157 -0.00195 0.35191 0.56848 0.00663 0.01491 0.03839 0.00144 0.22728 -0.27149 -0.09535 0.01911 0.02174 -0.10987 0.16512 -0.77031 0.00241 0.04517 -0.09705 0.04799 0.00943 1.38661 0.00123 -0.17805 -0.75549 0.03739 0.01526 0.02578 -0.21634 -0.03806 -0.00147 -0.01489 0.05763 0.14004 -0.00275 0.03879 0.42034 -0.18906 0.04516 -0.13709 -0.40714 0.66400 
0.10124 -0.34554 -0.01412 0.07051 0.83923 -1.07626 -0.13114 -0.08418 -0.00079 -0.00582 0.00191 -0.20814 -0.00079 -0.04403 -0.01481 0.07059 -0.00132 -0.06368 0.01112 -0.01008 -0.00707 0.10818 0.00115 0.00259 0.51612 0.11544 -0.00087 0.00123 0.04542 0.04995 0.32424 -0.97036 0.03511 0.02116 0.08765 -0.14747 0.20045 1.20441 0.00328 0.09334 -0.01050 0.01223 -0.08949 0.83525 -0.15265 -0.28024 0.90508 0.02255 -0.00818 0.06697 0.00978 -0.00242 0.00238 0.00437 0.02181 0.56011 0.02669 -0.07194 -0.54358 -0.16742 0.16370 -0.05793 0.33701 -0.94889 
0.10515 0.22041 -0.02241 0.02418 0.87697 -0.51811 0.07388 -0.08194 0.01615 -0.01631 0.00201 0.12007 0.00141 -0.04660 0.01212 0.00946 -0.00127 -0.02447 -0.01694 0.02267 0.02331 -0.04211 -0.00094 0.00301 -0.16367 -0.27498 -0.00578 -0.00996 0.02173 0.03002 0.21694 0.55539 0.13473 0.00900 -0.05543 0.23333 -0.29000 -0.61074 -0.00029 -0.04527 0.05550 -0.02922 0.06534 -0.62686 -0.02898 0.17262 0.27503 0.00400 -0.00538 -0.04461 0.16129 0.02423 0.00389 0.01750 -0.00595 0.71516 0.00623 -0.09435 -0.55679 0.08066 0.06566 -0.05308 0.22116 0.06823 
0.05366 0.25379 -0.01729 -0.02942 0.48280 0.76174 0.11376 0.02695 0.01617 -0.01440 0.01462 0.23725 -0.00058 0.06439 0.02243 -0.03593 -0.00022 0.01138 -0.01323 0.00986 0.02109 -0.11174 -0.00163 -0.00081 -0.32691 -0.18790 -0.00543 0.00349 -0.01976 0.01260 -0.46810 0.58445 0.03422 -0.00122 -0.12074 0.18445 -0.28710 -0.84369 0.00027 -0.06086 0.03613 -0.02029 0.10836 -0.64199 0.10206 0.14110 -0.26080 0.00258 0.02362 -0.08732 0.04507 0.00415 -0.00093 -0.00145 0.01154 -0.15435 -0.03912 -0.04242 0.52014 0.29306 -0.05622 0.00943 -0.46043 0.74033 
0.01305 -0.02425 -0.00758 0.00943 -0.03971 1.09546 -0.16178 0.02703 -0.00460 0.00595 0.00699 -0.13528 -0.00305 0.06435 -0.00792 -0.06616 0.00093 0.02861 0.00094 -0.00182 -0.00931 -0.05495 0.00114 -0.00287 -0.32579 0.33340 -0.00350 0.01156 -0.02751 -0.01375 0.03322 -0.15259 -0.05903 -0.00859 -0.05644 -0.04191 -0.00463 -0.64435 0.00167 0.00984 -0.03825 0.03732 -0.09842 0.00002 0.07375 0.07363 -0.10718 0.04984 0.00385 0.10961 -0.13142 -0.01433 -0.00301 -0.01303 0.03253 -0.53376 -0.01927 0.05163 0.27249 0.12596 -0.12791 0.04724 -0.17496 0.66895 
-0.02168 -0.20439 0.00328 0.02608 -0.19403 0.23826 -0.21765 -0.00929 -0.01061 0.00514 0.00464 -0.28590 -0.00013 0.03768 -0.01073 0.02811 0.00132 0.01787 0.01088 -0.00865 -0.00152 0.00349 0.00213 0.00078 0.37435 0.07069 0.00191 0.00762 -0.02329 -0.00604 0.39478 -0.54210 -0.02427 0.00161 0.03366 -0.13220 -0.07264 1.02071 0.00197 0.06024 -0.03501 0.04680 -0.14040 0.46871 -0.02233 -0.09776 0.35619 0.02731 0.00393 0.14120 -0.16659 -0.00075 -0.00099 0.00483 0.02687 0.22443 0.00543 0.02400 -0.19623 -0.16192 -0.10714 0.01097 0.17868 -0.07265 
-0.01332 -0.01559 0.00926 -0.00573 0.07945 -0.96224 0.07151 -0.05960 0.00166 -0.00766 0.00087 -0.07188 0.00108 -0.02389 0.01919 0.04274 0.00030 -0.00618 0.00319 0.00062 0.00650 0.04381 -0.00031 0.00278 0.50984 -0.14923 0.00229 -0.00364 -0.00339 0.02809 0.62937 -0.21451 0.02666 0.00753 -0.05122 0.11758 -0.32762 0.98144 0.00017 0.06660 0.04186 -0.01437 -0.08072 0.18160 -0.04459 -0.01872 0.08290 -0.02141 0.01159 0.03508 -0.12811 0.00758 0.00148 0.00734 0.00155 0.46213 0.01809 -0.01859 -0.36856 -0.07473 0.07395 -0.02158 0.20235 -0.56928 
0.01079 0.13121 0.01280 -0.02877 0.22698 -0.38096 0.11309 -0.01280 0.00569 -0.01025 0.00327 0.17056 -0.00146 -0.04684 0.02827 -0.00663 -0.00073 -0.01421 -0.00492 0.00608 0.00358 -0.00992 -0.00102 -0.00151 -0.33930 -0.08762 0.00045 -0.01022 0.01312 0.04082 -0.42780 0.06936 0.01104 0.00697 -0.09145 0.13091 -0.28220 -1.14146 0.00073 0.01032 -0.00267 -0.03057 0.04769 -0.46637 -0.01955 0.03408 -0.19918 0.05414 0.01094 -0.12149 -0.06223 -0.00215 0.00173 0.00474 0.03566 0.43980 -0.01017 0.01526 0.18870 0.20455 0.08972 -0.03949 -0.28283 -0.06913 
0.00532 -0.08078 -0.00345 -0.02970 0.02315 0.27202 -0.12644 0.01989 -0.00018 -0.00927 0.00955 0.09272 -0.00331 -0.00443 0.01855 -0.02392 0.00021 -0.01092 0.00117 -0.00034 -0.00711 -0.02963 0.00044 0.00004 -0.10123 0.17837 -0.00259 0.00099 -0.00146 0.00404 0.03555 0.10490 -0.00205 -0.00010 -0.04898 -0.12690 -0.08661 -1.05189 0.00165 -0.03526 -0.04384 -0.01129 0.09592 -0.31210 0.04054 0.02793 -0.03690 0.03087 0.00662 0.00690 0.15079 -0.00753 -0.00303 0.00231 0.05662 -0.33485 -0.01928 0.02638 0.45004 0.19270 -0.14959 -0.03356 -0.03080 0.34275 
-0.01454 -0.08421 0.00560 -0.00053 -0.15213 0.44617 -0.13315 -0.05756 -0.00508 -0.00139 0.00713 -0.14763 -0.00416 0.02776 0.00712 0.04376 0.00093 0.00797 0.00555 -0.00449 -0.00787 0.04279 0.00118 0.00137 0.26513 0.00837 -0.00033 0.00889 -0.01054 -0.02714 0.37171 0.09595 -0.01160 -0.00457 0.05335 -0.14318 -0.22266 0.84355 0.00063 -0.04122 -0.03976 0.02283 -0.10166 0.65963 0.06771 -0.03877 0.13330 0.01141 0.00029 0.10054 0.10918 -0.00982 0.00070 -0.00448 0.03767 0.05208 0.00727 -0.00545 -0.01186 0.01586 -0.03147 0.00454 0.12886 0.35601 
-0.02363 0.01908 0.00970 0.02084 -0.17492 0.45062 -0.03142 -0.09496 -0.00578 0.00553 0.01556 -0.18593 -0.00214 -0.00498 -0.00183 0.02478 0.00014 0.00731 0.00430 -0.00504 -0.00203 0.02693 -0.00066 -0.00045 0.26965 -0.00407 0.00100 0.00639 0.00409 0.00960 0.08595 0.05901 0.00047 -0.00034 -0.04918 -0.00698 -0.35499 1.40645 0.00034 0.04994 0.03933 0.03650 -0.21802 -0.14168 0.04490 -0.03698 0.12262 0.00930 0.00325 0.03578 -0.13470 0.00333 0.00045 -0.00361 0.02223 0.29883 0.01923 -0.02336 -0.34046 -0.13172 0.05722 0.03116 -0.20499 -0.36853 
-0.01395 0.05734 0.00759 0.01629 -0.16136 0.20288 0.04461 -0.08322 -0.00065 0.00891 0.00787 0.15375 0.00196 -0.02668 0.00915 -0.01930 -0.00028 -0.00459 0.00084 0.00425 0.00500 -0.00691 -0.00087 -0.00153 -0.16341 0.06569 -0.00096 -0.00284 0.01071 0.02244 -0.17044 0.02158 0.00898 0.00305 -0.07329 0.09531 -0.32216 0.07411 0.00159 0.08584 0.02355 -0.00143 0.01172 -0.49957 -0.00862 0.00743 -0.01653 0.00790 0.00402 -0.08679 -0.24227 0.01062 -0.00057 0.00169 0.03027 0.28394 0.02059 -0.01951 -0.26307 0.14991 0.00984 -0.00909 -0.25962 -0.51992 
0.00127 -0.01244 -0.00525 -0.01987 0.05103 -0.00867 -0.03257 -0.02426 -0.00168 -0.00004 -0.00357 0.28593 -0.00016 -0.03276 0.01710 0.01418 -0.00054 -0.01272 -0.00227 0.00499 -0.00232 -0.02276 -0.00014 0.00189 -0.29785 0.03033 -0.00146 -0.00576 -0.00355 -0.00057 -0.01404 -0.02397 -0.00336 0.00260 0.00091 0.11407 -0.07943 -0.93334 0.00181 -0.02749 -0.04663 -0.02586 0.08656 -0.35216 -0.04103 0.03523 -0.10726 0.00387 0.00492 -0.04317 0.12393 -0.01263 -0.00124 0.00422 0.00624 -0.42163 -0.00098 0.01532 -0.01521 0.20349 -0.03549 -0.03117 0.07183 0.17985 
0.01231 -0.05902 -0.00661 -0.01564 0.16815 -0.15765 -0.06667 0.05175 -0.00182 -0.00608 0.00206 -0.09393 -0.00424 0.01841 -0.00602 0.01990 -0.00006 -0.00391 -0.00162 -0.00379 -0.00579 0.01436 0.00096 0.00261 -0.24265 0.01395 0.00029 0.00443 -0.01198 -0.01703 0.11659 -0.02365 -0.00609 -0.00027 0.02855 0.05173 0.16904 -0.24891 -0.00072 -0.09493 -0.03577 0.03441 -0.20519 0.31274 -0.00669 0.01396 0.08775 0.00518 0.00239 0.03570 0.16555 -0.02440 0.00061 -0.00277 -0.00060 -0.20770 -0.01594 0.01202 0.16750 0.00261 0.01011 -0.04593 0.12127 0.20034 
-0.00130 -0.03698 0.00376 0.00499 -0.03169 -0.24014 0.02841 0.00485 -0.00137 -0.00654 0.01728 -0.20417 -0.00669 0.02936 -0.01636 0.00004 0.00042 0.00583 0.00123 -0.00777 -0.00175 0.02687 0.00126 0.00240 0.05132 0.01918 0.00042 0.00760 0.00629 -0.00320 0.01525 -0.01854 -0.00452 -0.00163 -0.05150 -0.08433 0.31232 0.41995 -0.00129 -0.11405 0.00705 0.03887 -0.11931 0.47312 0.02092 -0.02051 0.14638 0.00098 0.00172 0.02925 -0.02038 -0.02377 0.00080 -0.00626 0.03736 0.17643 -0.00165 -0.01967 -0.00456 -0.14349 0.03327 -0.03433 -0.18307 -0.07820 
-0.00586 -0.00541 0.00892 0.01537 -0.05120 -0.19816 0.06810 -0.03072 -0.00065 -0.00250 0.00635 0.06005 0.00491 -0.00759 0.01990 -0.01148 -0.00003 0.00497 0.00297 -0.00452 0.00322 0.00790 -0.00070 -0.00041 0.25822 0.00496 -0.00013 -0.00158 0.00292 0.00863 -0.06745 0.00654 0.00325 0.00100 -0.05912 0.00345 0.09552 -0.35430 0.00048 0.01656 0.02945 0.00908 0.03296 0.19896 0.01195 0.00703 -0.14789 0.00355 0.00738 -0.03082 -0.10681 0.00432 -0.00049 0.00270 0.05691 0.11062 0.01757 -0.02070 -0.12858 0.06314 0.02069 -0.00801 -0.24371 -0.25554 
-0.00359 0.01977 0.00048 0.00410 0.05891 0.10304 0.01021 0.01295 -0.00041 0.00222 0.01184 0.17572 0.00430 -0.03038 0.02593 -0.00087 -0.00029 0.00294 -0.00070 0.00214 -0.00185 -0.01616 -0.00030 -0.00147 0.12775 0.00120 -0.00134 -0.00285 -0.00343 0.00651 0.04702 0.01371 0.00575 0.00229 0.02352 0.06372 -0.11769 -0.61020 0.00155 0.10695 0.00962 -0.02306 -0.02299 -0.51424 -0.03317 0.02377 -0.03224 0.00675 0.00467 0.00867 0.02112 0.01038 -0.00106 0.00483 0.04387 -0.15954 0.00189 -0.01066 -0.00605 0.12702 -0.03283 0.01826 0.19854 -0.32989 
0.00231 0.01907 -0.00573 -0.00903 0.07200 0.22167 -0.04713 0.04110 -0.00109 0.00218 0.01398 0.18508 -0.00266 0.00323 -0.00384 0.01131 -0.00007 0.00057 -0.00202 0.00387 -0.00416 0.01324 0.00035 0.00116 -0.14308 0.00076 -0.00148 0.00268 -0.00735 -0.00368 0.09258 -0.01745 0.00297 -0.00023 0.07371 0.02627 -0.02897 0.15232 0.00225 0.07345 -0.03262 0.02896 -0.09387 -0.02939 -0.01375 0.01076 0.09832 0.00237 0.00189 0.02767 0.10362 0.00584 -0.00006 -0.00359 0.03435 -0.00584 -0.00859 0.00787 0.08392 -0.05612 0.01989 -0.00713 0.34050 -0.24655 
-0.00337 -0.02144 -0.00353 -0.01315 0.06473 -0.03284 0.01023 0.04973 -0.00035 -0.00033 0.01055 -0.01121 -0.00380 0.02522 -0.02234 0.00490 0.00026 -0.00117 0.00018 -0.00320 -0.00148 0.01887 0.00051 0.00175 -0.06781 0.01538 -0.00049 0.00407 -0.00903 -0.00494 -0.04714 -0.03023 -0.00443 -0.00199 0.01886 -0.08556 0.06087 0.53294 0.00239 -0.05921 0.00004 0.02411 -0.12539 0.38594 0.01655 -0.01655 0.00876 0.00505 0.00468 0.01739 0.04796 -0.00698 0.00088 -0.00843 -0.02104 0.10879 0.01422 0.00842 -0.00681 -0.05485 0.02160 -0.02063 -0.06578 0.11389 
min err=0.00109
gbest=(0.00009, 0.00037)