-0.06786 5.00000 3.19204 4.78013 4.45186 -0.40061 -1.58539 1.88640 -0.93145 2.35279 0.00304 -0.38275 4.87973 0.05087 2.85192 -4.03703 4.49547 -2.04567 4.72855 -2.47086 0.41066 -0.51334 2.89106 5.00000 -5.00000 -5.00000 0.30335 -3.92966 -2.93151 1.55055 -5.00000 2.63225 -5.00000 -0.49692 2.55540 3.86541 -1.94815 2.11481 -3.02458 4.15396 -2.94400 2.09822 5.00000 0.67001 -3.93909 0.85212 -0.54791 -2.82760 0.29543 3.26819 0.85128 -5.00000 0.96269 -2.15016 3.46375 -2.04767 5.00000 -4.25489 1.79446 -3.60258 -4.48366 1.74070 -1.58436 3.25124 
0.21261 3.79673 2.45640 3.31955 1.78668 -1.25846 -0.80231 0.34379 -0.05535 1.98121 -0.14408 2.41452 3.29491 -0.53919 1.08652 -4.93294 5.00000 -1.15684 4.64638 -0.68169 1.11628 -2.83514 2.10463 2.81158 -0.15311 -2.52310 -0.29854 -3.17875 -1.83822 -3.77387 -0.84701 2.48502 -2.95383 1.78477 -3.33071 2.03283 -0.05458 1.02653 -1.90903 2.68445 -3.50424 1.34055 3.55118 -0.33100 -1.59889 -0.21542 -0.64763 -0.74633 1.53289 -2.49716 -0.48543 -3.89470 4.42380 -2.13812 2.78219 -1.95235 -0.42180 -0.59444 4.85291 -3.54574 -0.61880 2.75360 -4.75505 5.00000 
0.41729 2.91859 1.78210 -3.82012 -2.47967 -0.43807 -0.23082 -0.78201 0.20799 -2.35826 -0.13689 0.17419 -1.29386 -1.18088 -0.44612 -5.00000 -0.99079 -2.31866 -0.23485 0.63165 0.73690 -2.44605 0.73246 -3.40738 3.38416 -0.71546 -0.68664 -2.38921 0.13615 -1.39199 2.18384 2.37756 -0.22051 3.93954 -4.38578 -0.33385 1.32735 0.23230 0.77167 -1.15582 2.70803 1.29546 -0.52302 -0.89113 0.79869 -1.46443 -0.09366 0.45871 0.16429 -4.93205 -1.22623 -0.90105 2.36218 -2.14264 0.33551 -0.46531 -4.37863 2.07696 4.05959 0.28508 2.20177 3.49281 -3.74975 0.98479 
0.56667 2.27771 1.40560 -1.85095 -1.92674 0.10322 0.18625 -1.60362 -0.75395 -1.03007 -0.13165 -1.46081 -3.83526 -0.36474 -0.56329 -1.20212 -4.45038 -2.42832 -3.79718 1.59013 -0.57521 2.25115 0.34630 -5.00000 2.54507 0.24636 -0.18418 -1.60145 1.57705 0.34632 3.40823 -0.58066 -0.12033 2.29030 -2.24677 0.23788 0.44337 1.38492 1.98032 -1.03546 2.64096 -0.67846 -3.49637 -1.29991 -0.02639 1.86586 0.31063 1.33816 -0.55402 0.35783 -1.76686 1.28372 -1.47346 0.12680 -1.45008 0.61992 0.94807 -1.57106 -0.46374 2.94054 -0.97241 3.48994 -0.74271 -0.29449 
-0.60658 0.13000 -0.51994 1.36637 0.57364 0.06845 0.03474 -1.02760 -1.20488 0.79249 -0.13657 -0.57456 -2.92509 0.00704 -0.64881 1.56956 -3.15408 -0.01397 0.31813 -0.37099 -0.92157 1.17323 1.68604 0.22679 -2.37827 -2.34793 0.62700 -0.92039 0.27447 -2.45778 -1.91927 -0.11432 -0.04721 1.08669 0.87812 1.14649 -1.10382 1.81894 0.89898 0.15142 -1.08368 -1.03358 -4.09197 -0.84363 -0.68572 3.21623 0.20826 1.52376 -0.94786 4.22584 -1.28722 0.94054 -2.20128 1.03572 0.30914 -0.89165 4.01269 -2.63149 -3.75105 0.02195 -2.99386 1.69835 1.45183 -1.22811 
-1.46283 -1.43740 -0.31721 3.26384 1.98682 -0.63536 -0.07584 -0.60723 0.07765 0.64342 -0.14080 1.14961 -0.13627 -0.16136 -0.61700 0.26588 0.10756 1.32473 3.32148 -1.80222 1.40827 -1.38148 1.63115 3.36445 -1.25133 -3.97674 1.21900 -0.42335 -0.32128 -1.61846 -5.00000 0.39411 0.00615 0.20829 2.40732 1.76280 -1.18460 1.08049 -1.30912 1.57707 -2.44242 -0.98829 -1.93653 -0.75273 -0.78738 -0.82249 -0.07133 -1.27524 -0.37314 3.39527 -0.17857 -0.06379 -1.36343 -1.12953 1.61362 -1.32507 1.15405 -1.05004 -1.99662 -1.66230 0.82689 0.46367 0.03358 -1.03090 
-0.10264 -0.42706 0.14822 2.45169 -0.70830 -0.30397 0.12973 -1.40854 0.86856 0.42718 -0.13405 0.49655 1.89901 -0.28426 -0.23155 -1.15330 2.75947 1.83683 2.03197 -0.03531 1.36527 -2.03539 1.57587 1.06482 -0.17197 -4.00247 0.39381 -0.16894 1.03132 -0.55634 1.21917 0.40794 0.04510 -0.43276 1.25426 1.45206 0.66723 0.42503 -1.14193 2.18395 -1.69513 0.64200 1.60252 -1.08081 -0.02089 -3.39671 -0.32460 1.14171 0.05562 -0.81245 0.63053 -0.79675 -0.77999 -1.46398 0.81745 -0.09703 -3.26751 1.14690 0.96857 -1.59455 3.49986 -0.96526 -1.00145 -0.88697 
0.89744 0.27960 0.02897 0.27331 -1.31716 -0.29304 0.16090 -1.31969 0.55682 0.44609 -0.13401 -0.90981 -0.15259 -0.29121 -0.21850 -0.52885 1.55598 0.64000 -1.07422 1.04643 -1.33536 -1.51734 0.03194 -2.75978 1.10772 0.53576 -0.20841 0.01673 1.68978 0.44212 0.06752 -0.53210 0.02028 0.24133 -0.70983 0.79065 1.54182 0.85868 1.13892 -0.22117 1.22021 -0.82578 1.10004 -0.99240 -0.43402 -2.28471 0.01473 1.34167 0.02821 -2.88926 0.03151 -0.05895 -0.66328 -0.37234 0.23641 0.79920 -3.00683 1.80369 1.86469 -1.28349 0.51637 -1.94004 -0.10066 -0.98820 
-0.68041 0.48354 -0.05806 -1.31647 -0.39654 -0.00076 -0.03115 -0.49496 -0.46794 0.53592 -0.14050 -1.67864 -1.62575 -0.00415 -0.14103 0.07638 -0.50931 0.41246 -2.13203 -0.04608 -0.30037 0.36318 1.02738 -3.71629 1.83394 3.29370 -0.64791 0.15224 0.07960 0.68629 -0.82749 -1.12507 -0.01943 0.71625 0.12804 0.27932 1.11535 1.22379 2.12768 -0.44810 1.20082 -1.46783 -1.60868 -0.96703 -0.63859 1.06515 0.13950 -0.23499 0.01484 -1.90391 -0.40565 0.47950 0.02816 0.65683 0.78720 -0.47141 0.86842 -2.09594 -0.64760 -0.51885 -1.99173 0.44931 0.82118 -1.15642 
-0.48858 0.42710 0.09247 -0.84840 0.43347 0.38033 -0.62061 0.04690 -0.27128 0.17128 -0.13806 -0.90189 -0.40240 0.02553 -0.08450 0.51808 -1.92641 -0.24644 -1.88350 -0.77490 0.45497 1.73558 0.51751 -2.39766 1.48480 4.54516 -0.24125 0.01987 -1.29134 0.64112 -0.08841 0.22435 0.00021 0.20075 0.64687 -0.17585 -0.70560 -0.02903 0.09363 0.67107 -0.22785 -1.35618 -1.42747 -1.04603 -0.01726 0.65249 0.23056 -1.38563 0.01643 0.08992 -0.03072 0.61870 0.53660 1.04373 1.21741 -0.44257 3.26277 -2.16006 -2.38972 -0.06678 -0.93081 1.81134 0.13408 -1.15088 
0.27309 -0.07471 0.13717 0.86581 -0.07882 0.24343 0.29612 -0.52356 0.06334 -0.09262 -0.13369 1.36991 0.93886 -0.04305 -0.09179 0.07524 -1.15510 0.22047 -0.45401 0.07082 -0.77935 0.51153 -0.44985 2.84453 -0.12535 2.64465 0.08439 -0.08373 -0.14252 0.04529 0.55208 1.19199 0.01453 -0.17545 0.31371 0.42398 -1.01558 -0.30850 -1.37902 1.53883 -0.64757 -0.36652 1.31244 1.25495 0.65025 -0.81622 0.10366 -0.38885 0.03081 1.37133 0.40278 0.20690 0.13839 -0.31751 0.62319 0.02979 2.75389 0.33664 -2.48211 -0.80344 2.01205 0.98758 -0.50652 -0.84690 
0.58059 0.03512 -0.14638 1.34378 -0.45269 0.14352 0.71390 -0.44101 0.30755 -0.28521 0.01176 2.46936 0.11728 -0.05487 -0.09711 -0.24795 0.36730 0.51191 0.58923 0.68803 -0.90162 -1.00836 1.67997 0.17990 -0.47978 -1.13175 0.32204 -0.15933 0.74710 -0.50336 0.56265 -0.83909 0.02499 -0.45001 -0.23132 0.41393 0.30950 1.43493 1.16658 0.11951 -0.34674 0.60470 2.50771 0.60523 -0.09839 -1.05255 -0.06801 0.39723 0.03482 1.33154 0.02885 -0.45118 -0.27230 -0.97038 0.05244 -0.02207 -1.51339 1.69084 -0.71767 -0.96184 1.09048 -1.71933 -0.02112 -0.44733 
0.26674 0.42622 -0.00139 0.36316 -0.28613 0.30649 -0.16719 -0.67977 0.08621 -0.03335 -0.00900 0.18380 -0.56934 0.09948 -0.09309 0.03661 0.87137 0.65614 -0.31018 -0.14268 -0.28452 -1.61343 1.42030 -1.50521 -0.19184 -2.60124 0.14338 -0.06909 0.43665 0.27377 0.18202 -0.43078 0.02805 -0.13481 -0.34984 -0.55117 0.72171 1.89500 2.73157 -0.72267 0.20928 -1.28440 1.74585 -2.70226 -0.63638 -1.06338 0.16335 0.15308 0.01783 0.13867 -0.24013 -0.00056 0.04439 -0.35958 -0.36408 -0.05992 -1.53992 0.90286 0.64805 -0.64917 -0.78510 -0.70322 0.47439 -0.02277 
-0.25224 0.35900 0.03561 -0.50256 0.37012 0.39220 -0.61773 -0.19048 -0.07533 0.15046 0.00707 -1.58171 0.06131 -0.00916 -0.09016 0.24429 -0.07042 0.46507 -0.96657 -0.74893 0.11173 -0.80453 0.84193 0.42838 2.07135 -0.72424 -0.03992 -0.02329 -0.76006 0.41767 -0.34062 0.49520 0.03028 0.09522 0.27280 -0.94469 0.65800 0.68011 -1.90524 1.60845 -0.49331 -0.53445 0.37524 -2.02997 -0.00198 0.49795 0.25115 -0.10235 0.00895 -0.83664 0.08284 0.27045 0.27972 0.16721 -0.05575 0.00734 0.38558 -0.61781 0.02155 -0.59909 -0.74806 1.52200 0.29177 -0.24792 
-0.15328 -0.20208 0.03079 0.11299 -0.15549 0.23165 0.38433 -0.25177 0.11948 0.11390 0.01196 -0.93714 0.52156 -0.08844 0.08939 0.08055 -0.77749 0.02611 -0.22591 -0.45420 0.32242 0.67687 0.21022 0.39761 2.76636 3.03671 -0.17369 0.01014 -0.95192 0.13856 -0.45223 0.88893 0.03191 0.26309 0.34630 1.34529 -0.63359 0.06043 -0.34015 0.76784 0.55329 0.78410 0.02691 0.00910 0.62774 1.38350 -0.13828 -0.02141 0.03766 -0.07568 0.20531 0.35955 0.30534 0.50872 0.16928 0.05642 1.41516 -1.28884 -0.43567 -0.56254 0.51930 0.13990 -0.22380 -1.30355 
-0.06445 -0.41082 0.02726 0.56221 -0.41785 0.07819 0.80323 -0.90288 0.19998 -0.11470 0.02971 1.63713 0.04657 -0.01482 -0.00772 -0.12054 -1.09495 -0.29261 0.15473 0.00438 -0.25176 -0.07968 -0.36107 -0.87000 -0.43153 2.44156 -0.20073 -0.02105 0.06984 -0.29983 -0.31098 -0.51341 0.03078 0.26708 0.08133 0.37936 -0.79592 0.86365 1.46657 -0.02331 -1.13646 -0.32857 -0.22731 1.49721 0.01209 -0.67359 -0.34146 0.01253 0.05407 0.48330 0.05653 -0.42386 -0.04480 0.10482 0.03616 -0.01069 0.54218 -0.10758 -0.43669 -0.59207 1.17591 -2.07952 -0.42510 -1.14056 
0.00875 -0.37262 0.02899 0.62401 0.51781 0.13932 0.14894 -0.72707 -0.00322 -0.18640 0.05134 1.75628 -0.30008 0.03891 -0.14846 -0.14014 -0.15213 0.06388 0.43253 0.33905 -0.30688 -0.58474 -0.63239 0.42203 -2.08810 -0.95154 0.06442 -0.04671 0.71358 -0.23064 0.00774 -0.82404 0.02936 0.18349 -0.10742 -0.78050 -0.07847 1.58657 1.01218 -0.30928 -1.97413 -1.33499 0.19930 -0.00610 -0.43379 -1.74397 -0.17487 0.02402 0.01948 0.02902 -0.08744 -0.36266 -0.26536 -0.26406 -0.06100 -0.05966 -0.43259 0.86562 0.58329 -0.62421 1.42622 0.60391 0.22875 -0.31105 
-0.08559 0.12145 0.03390 0.16183 0.24694 0.22267 -0.38333 -0.04544 -0.01271 0.17570 0.05478 -1.19082 -0.25712 -0.02432 -0.01474 0.01020 0.55982 0.31416 0.25559 0.38079 -0.05060 0.19370 -0.48081 1.19812 0.45884 -1.97557 0.03258 -0.03578 0.25510 0.01955 0.15169 0.92473 0.02907 0.04502 -0.12635 -1.16649 0.67652 0.69634 -0.31752 0.16454 0.97025 -0.40022 0.43853 -1.06490 0.22428 1.71611 0.13932 -0.01603 -0.00576 -0.30252 -0.04345 0.09048 0.03438 -0.06926 0.10039 -0.02539 -0.24692 -0.24623 0.41054 -0.61894 0.68000 0.22533 0.14422 0.12602 
0.00218 0.47948 0.03320 -0.28277 -0.67095 0.28576 -0.15600 0.45759 0.06596 -0.05882 0.01206 -2.26814 0.01975 -0.04082 0.08286 0.11991 0.53277 0.15270 -0.05767 -0.01917 0.27886 0.58620 0.08630 1.17906 2.38144 -0.27923 -0.15064 -0.00631 -0.16714 0.17547 -0.11661 1.63085 0.02887 -0.05603 0.32087 -0.87447 0.01370 0.17786 -1.28794 0.51033 1.32433 0.37858 -0.19224 -0.54791 0.43092 3.12006 0.00531 -0.03558 -0.01331 -0.48128 0.10032 0.24555 0.25368 0.09311 0.12253 0.01397 0.20601 -1.00431 -0.96057 -0.15056 -0.64729 -0.11641 -0.07545 0.43864 
-0.00832 0.30702 0.02964 -0.07211 -0.01827 0.14281 0.07547 0.29454 0.12337 -0.22998 -0.01719 1.06782 0.19316 0.02145 -0.01590 0.04163 -0.27997 -0.20466 -0.28629 -0.31106 -0.12843 -0.13156 0.44850 -0.10147 0.81155 1.82245 -0.01567 -0.00689 -0.40338 0.00047 -0.14490 -0.34356 0.02905 -0.03620 -0.04991 1.59436 -0.47002 -0.20053 -1.08938 0.17614 -0.42882 -0.33949 -0.31245 0.33745 -0.50524 -1.61041 -0.08160 0.04635 0.00238 0.20714 0.09380 0.15921 0.14216 -0.11828 0.02536 0.00258 0.04885 -0.81617 -1.87756 0.18740 0.70646 0.05562 -0.10966 0.10831 
-0.05901 -0.51353 0.02705 0.08162 0.50575 -0.05517 0.23222 -0.32833 0.06539 -0.14750 0.01798 1.96032 0.20495 0.04986 -0.08542 -0.05947 -0.66220 -0.06330 -0.27511 -0.17886 -0.33620 -0.52730 0.00398 -1.07204 -1.33059 2.54973 0.08283 -0.00730 0.01461 -0.10115 -0.09916 -0.79024 0.02918 -0.02173 -0.24787 1.46833 0.37878 0.13737 0.81502 -0.07257 -1.27667 -0.76318 0.01229 0.39411 -0.36253 -1.34546 -0.05116 0.02204 0.04474 0.68744 -0.00190 -0.17342 -0.01434 -0.10829 -0.04556 -0.00573 -0.09340 0.50828 -0.47631 0.10959 0.99190 0.20431 -0.10203 -0.13006 
-0.05855 -0.27078 0.02573 -0.04589 0.08903 0.07414 0.27958 0.02578 0.02383 0.10210 0.03882 -0.57712 -0.04195 0.01650 0.01964 0.03848 0.04745 0.29673 -0.20139 0.31050 -0.10704 0.34137 -0.47958 -0.48896 2.14143 -1.10918 -0.08669 -0.00703 0.28314 -0.07212 -0.02186 -0.45671 0.02928 -0.01117 0.05453 -2.01304 0.75105 0.45847 0.41146 0.07198 -1.37898 0.08171 0.27064 -0.52480 0.13246 1.26407 -0.00401 -0.00165 0.02047 0.29661 -0.03228 -0.29686 -0.08240 -0.03672 -0.04742 0.00745 -0.38390 0.25617 0.50382 -0.58084 1.05681 0.10236 -0.09341 0.03550 
0.00568 0.57578 0.02477 -0.13895 -0.24094 0.04517 0.23161 0.19969 0.05915 0.00085 -0.08569 -0.68991 -0.21932 -0.01418 0.01749 0.05935 0.43561 0.22712 -0.06985 0.08380 0.11195 0.43571 -0.26556 0.28954 3.59958 -2.05549 -0.08348 -0.00652 -0.13734 -0.04666 -0.01236 0.18958 0.02935 -0.00347 0.35509 -1.68750 0.19548 0.14783 -0.43869 0.39644 0.63342 0.22705 0.14065 -1.11183 0.40698 1.55150 0.03040 -0.01893 -0.02706 -0.69737 0.09369 0.17676 -0.06501 0.02896 0.04586 0.01154 -0.31557 -0.35100 0.95766 -0.81775 1.09100 -0.04417 -0.08712 0.15632 
-0.06219 0.63038 0.02555 -0.09148 0.06277 0.00562 0.16803 0.26303 0.08493 -0.07304 -0.05527 1.30420 0.01370 0.02922 -0.03167 0.02501 -0.13573 -0.11888 0.05064 -0.15901 -0.01833 -0.33185 0.38773 -0.71038 -4.28729 -1.75435 0.04484 -0.00658 -0.26273 -0.00523 0.03178 0.56627 0.02940 0.00216 0.15662 3.36371 -0.31774 -0.03922 -0.39001 0.41377 1.71932 -0.30899 -0.09837 -0.52257 -0.07228 -0.38091 0.00237 -0.00463 -0.03340 0.11559 0.03198 0.08766 0.06469 0.07554 0.07935 -0.00001 0.22275 -0.72912 -2.42831 -0.23603 0.77940 -0.12453 -0.09530 0.19865 
-0.05237 -0.90977 0.02665 -0.00060 0.23559 -0.04928 0.23335 0.02727 0.06651 -0.07761 0.00858 0.08571 0.16556 0.04409 -0.06298 -0.00394 -0.49713 0.04660 0.05863 -0.19107 -0.16878 -0.62985 0.32214 -0.82684 -5.00000 0.15748 0.03679 -0.00708 0.32045 -0.07535 0.00000 -0.11757 0.02944 0.00626 -0.04744 1.32339 -0.07964 0.33667 0.27995 0.24610 -1.10698 -0.56464 -0.22764 0.91541 -0.38152 -1.63655 -0.03574 0.00955 0.05532 0.46396 -0.02217 -0.17331 -0.05024 0.08190 0.05614 -0.00604 -0.00455 -0.67036 -1.94501 0.23386 0.10243 0.07573 -0.10042 -0.01985 
-0.01346 -0.15534 0.02745 0.06573 -0.01449 -0.02656 0.26615 -0.16285 0.03735 0.05451 0.05786 -0.80792 -0.01768 0.03772 0.01924 -0.00828 0.01433 0.16547 -0.13612 0.26186 -0.09614 -0.49132 -0.14335 -0.30064 5.00000 2.03437 -0.06195 -0.00711 -0.07167 -0.07931 0.01457 -0.53658 0.02937 0.00482 0.07036 -2.53811 0.24931 0.37896 0.57178 -0.00077 -2.48159 0.10168 -0.17005 1.72185 -0.25745 0.72181 0.00382 0.00647 0.05526 0.12536 0.04095 -0.16195 -0.05011 0.01606 0.01161 0.00827 -0.34808 -0.16688 0.58920 0.01866 -0.48380 0.20644 -0.09022 -0.09839 
-0.07726 0.63153 0.02767 0.06554 -0.15914 0.00437 -0.06542 -0.08057 0.03836 0.04111 0.02378 -0.04070 -0.12384 0.00680 0.02041 0.03342 0.37531 0.14254 -0.08272 0.14219 -0.03475 0.67663 -0.47389 0.26421 -1.20121 -1.25741 -0.01181 -0.00699 -0.29974 -0.07010 0.01814 0.43472 0.02934 -0.00086 0.19487 0.46872 -0.16882 -0.09365 0.75275 -0.01788 -0.30685 0.55141 0.06789 1.19047 0.28882 1.27646 0.01994 -0.00819 0.02624 -0.26243 0.05964 0.01216 0.00669 -0.03736 -0.02090 0.01871 -0.08505 0.18134 1.15150 -0.23129 0.08617 -0.01551 -0.08657 -0.11291 
-0.03110 -0.09788 0.02707 -0.06784 0.03114 0.01236 -0.26411 0.04155 0.02792 -0.08146 -0.01361 0.60675 -0.13799 0.00837 -0.06440 0.03753 -0.23802 -0.02454 0.00785 -0.29370 0.00180 0.08676 -0.23471 0.20017 -3.51480 -2.03868 0.02478 -0.00690 0.23356 -0.03419 0.02009 0.09018 0.02932 -0.00501 0.07138 2.51631 -0.10604 0.07393 -0.60213 0.26546 1.55695 0.14967 0.21809 -1.20212 0.57512 -0.17933 -0.01125 -0.00330 -0.00456 -0.18915 0.01554 0.15230 0.04900 -0.05330 -0.01373 0.00456 0.23248 0.23979 -0.42744 -0.31506 0.50213 -0.17748 0.08084 0.01992 
0.04059 -0.55238 0.02591 -0.09698 0.11747 -0.03835 -0.19510 -0.00379 0.03008 -0.08208 -0.01198 -0.04506 0.03524 0.02179 -0.03604 -0.01222 -0.23744 0.06381 -0.08578 -0.17448 0.02550 -0.46889 -0.03499 0.14938 1.23410 0.87224 0.00392 -0.00690 0.24359 0.00870 0.02927 -0.27970 0.02933 -0.00428 -0.02707 -0.96622 -0.06022 0.19624 -0.80031 0.31766 0.37780 -0.79716 0.07167 -2.28766 -0.43965 -1.14974 -0.02215 0.00425 -0.02490 0.40076 -0.01331 0.03099 0.03448 0.02048 0.00473 -0.00193 -0.00211 -0.04748 -1.47412 0.04630 0.47878 -0.17077 0.20301 0.11686 
0.04022 0.11914 0.02572 -0.03493 0.02979 -0.00935 0.21234 -0.14837 -0.00118 0.08478 0.00795 -0.46778 0.14230 0.03412 0.02474 -0.00445 0.01543 0.22474 -0.12186 0.15129 -0.05673 -0.45376 0.13807 0.05378 3.89928 2.21841 -0.01131 -0.00691 -0.19214 -0.05174 0.03241 -0.02704 0.02935 0.00544 0.15845 -1.12241 -0.08537 0.19624 0.19149 -0.04714 -1.66688 -0.13623 -0.07183 -2.31778 -0.30498 -0.30171 -0.02684 -0.00053 0.04913 0.20452 -0.03437 -0.05753 0.01028 0.00946 0.01821 -0.00667 -0.16818 -0.22433 -0.53750 0.18812 -0.05266 0.13043 0.06658 -0.03693 
0.01507 0.52520 0.02583 0.06889 -0.08710 -0.01181 0.12124 -0.06196 0.01124 0.03651 0.02608 -0.23644 -0.01897 0.03170 0.00403 0.04340 0.17192 0.14535 -0.03934 0.02544 -0.09913 -0.19475 0.12750 -0.01383 -1.07473 0.87543 0.00459 -0.00690 -0.26692 -0.10153 0.03433 0.19477 0.02937 0.00224 0.23998 0.29987 -0.12133 -0.04407 0.57349 -0.26104 -1.12008 0.37467 -0.07584 3.92568 -0.01439 0.39748 0.02504 -0.00460 0.07545 -0.33325 0.03014 0.01935 -0.00821 -0.00949 0.01015 -0.00724 0.03316 -0.17936 0.41156 -0.03568 -0.33443 0.06230 -0.03300 -0.14917 
0.00947 -0.25438 0.02745 -0.00683 -0.05873 -0.01805 -0.12512 0.01985 0.02030 0.00128 -0.02389 0.03636 -0.10055 0.01859 -0.01362 0.01796 -0.08582 0.07759 0.02089 -0.06640 0.02801 0.30294 0.00451 0.00029 -3.56836 -1.41458 0.01465 -0.00690 0.33286 -0.01759 0.03215 -0.05126 0.02934 -0.00513 -0.04024 1.01115 -0.14758 -0.21945 0.00350 0.04838 0.85350 -0.53705 0.02010 5.00000 0.16494 -0.48974 0.02229 -0.00197 0.00651 -0.02988 0.02927 0.07730 -0.00606 -0.01653 -0.00707 0.00040 0.11995 0.05761 0.69871 -0.21402 0.31066 -0.13220 -0.00650 -0.08066 
-0.03773 -0.63569 0.02724 -0.04694 0.13018 -0.00121 -0.22700 0.03323 0.02692 -0.02443 0.00294 0.22229 0.06041 0.00648 -0.02912 -0.01545 -0.24212 -0.05732 -0.01881 -0.00928 0.07375 0.44419 -0.08525 0.01059 1.25172 -0.05534 -0.00153 -0.00691 0.06968 -0.03948 0.02671 -0.18756 0.02932 -0.00814 -0.20710 1.10728 0.06249 0.12452 -0.41249 0.27418 -0.15992 -0.19599 0.09801 1.32390 -0.15311 -0.87342 -0.03522 0.00044 -0.04673 0.22110 -0.02908 -0.05033 0.00870 0.00190 0.01331 0.00396 -0.02093 0.07510 0.40089 -0.11838 0.34507 -0.05828 0.11718 0.08633 
-0.03987 0.17645 0.02686 -0.02527 0.14634 -0.02150 0.22436 0.02345 0.02646 -0.00736 0.00722 -0.15803 0.07734 0.00751 -0.02152 0.00655 -0.23732 -0.00259 -0.04778 0.03241 -0.02299 -0.00057 0.00039 0.00467 2.37022 1.60500 -0.01334 -0.00691 -0.15154 -0.04172 0.02435 0.11609 0.02934 -0.00444 0.16265 -1.49834 0.05312 0.05203 -0.05477 -0.01640 -0.84964 0.31838 0.00373 -2.92206 -0.21889 0.12432 -0.01224 0.00015 -0.03058 -0.06856 -0.00423 -0.13009 0.01721 0.01447 0.00730 0.00487 -0.09242 -0.02315 -0.27890 0.03871 -0.00445 0.08292 0.12543 -0.09024 
-0.02541 0.25522 0.02632 0.02311 0.09857 -0.01522 0.27745 -0.13538 0.02149 0.01252 -0.00969 -0.26632 0.02033 0.04036 -0.00212 0.02316 -0.04108 0.10010 -0.03581 -0.01503 -0.07424 -0.32471 0.06622 -0.00651 -1.08064 1.14191 -0.01389 -0.00690 -0.12055 -0.03810 0.03528 0.11662 0.02935 -0.00070 0.32067 -1.25818 -0.01589 -0.00620 0.35277 -0.11350 -0.58707 0.27850 -0.03302 -0.79083 -0.15071 0.76212 0.00724 -0.00089 0.03311 -0.22447 0.02286 0.03901 0.00045 -0.00367 -0.00105 -0.00412 0.03932 -0.08779 -0.42081 0.09328 -0.20502 0.05375 0.00852 -0.18088 
-0.01407 -0.12067 0.02607 0.01725 -0.01737 0.00025 -0.30738 -0.12849 0.01634 0.00906 0.01144 0.18864 -0.03512 0.04643 -0.01385 0.03438 0.13467 0.10207 -0.01610 -0.04767 -0.00363 -0.18911 -0.00292 -0.01048 -3.51196 -0.09463 -0.01050 -0.00690 0.10945 -0.00208 0.03178 -0.03355 0.02935 0.00180 0.12509 0.27797 -0.06625 -0.04869 0.41604 -0.00953 0.54434 -0.48517 0.08628 1.69792 -0.17551 1.02270 0.00059 -0.00286 0.00563 0.23245 -0.01800 0.15614 -0.01179 -0.01691 -0.00671 -0.01047 0.05726 -0.01516 0.18333 -0.02131 -0.24226 -0.02696 0.03064 -0.14681 
-0.01377 -0.26058 0.00503 -0.03035 -0.10199 0.01154 -0.45437 -0.07647 0.01257 0.00654 -0.01517 0.36331 -0.00073 0.04205 -0.02406 0.00129 0.18423 0.03086 -0.00330 -0.00198 0.02755 -0.02404 -0.04611 0.00374 0.35720 0.08649 0.00420 -0.00690 0.22997 -0.00914 0.02944 -0.11133 0.02933 -0.00158 -0.11673 1.13432 0.00774 0.02484 0.01757 0.06825 0.44102 -0.61796 0.09515 1.87099 -0.17412 0.04914 -0.00426 -0.00430 -0.01446 0.31727 -0.03905 -0.05058 -0.00556 0.00061 0.00020 -0.00234 0.01910 0.00643 0.43944 -0.14219 -0.04128 0.06724 0.09781 -0.01179 
-0.01998 -0.02151 -0.01054 0.00164 -0.05009 -0.00275 0.19546 0.07290 0.00983 0.00469 -0.01842 0.10361 0.01199 0.01273 -0.01310 -0.00317 0.02571 -0.02556 0.00605 0.03136 -0.00055 0.12630 0.00113 0.00848 3.02848 0.16669 0.00702 -0.00691 0.11962 -0.05379 0.02786 -0.04336 0.02933 -0.00302 0.14511 -0.61547 0.00529 0.04115 -0.31052 0.09752 -0.79531 0.20402 -0.00251 -0.50346 -0.01003 -0.72501 0.00113 -0.00263 0.01696 0.08430 -0.04127 -0.10723 0.00580 0.00632 0.00524 0.00360 -0.02776 0.01387 0.32234 0.00321 0.25247 0.08213 0.10587 0.04208 
-0.01183 0.16604 -0.02191 0.02499 0.03350 -0.00696 0.28408 0.06977 0.00783 0.00335 0.01421 -0.19110 0.01477 -0.01218 -0.00511 -0.00643 -0.13019 -0.03246 0.00507 0.02882 -0.04257 -0.01322 0.04456 -0.00761 -1.27102 0.05477 0.00167 -0.00691 -0.08730 -0.07254 0.03285 0.01576 0.02935 -0.00258 0.25752 -0.84506 -0.01959 -0.04520 -0.05054 0.02786 -0.08358 0.37993 -0.01250 -0.99729 -0.01455 0.43027 0.00507 -0.00140 0.01725 -0.29041 -0.03170 0.07036 0.00820 0.00531 0.00188 0.00525 0.03428 0.00189 -0.18654 0.09254 0.19106 0.08084 -0.06268 -0.03692 
-0.00769 -0.10169 -0.00229 0.02608 -0.02057 -0.00270 -0.20265 0.02484 0.00637 0.00237 0.00466 -0.11160 0.00596 0.00174 0.00072 -0.00881 0.01463 -0.02394 -0.01384 -0.02258 -0.01174 -0.09546 0.00513 0.00030 -1.47906 -0.05068 -0.00811 -0.00691 -0.09396 -0.02515 0.03133 0.03682 0.02935 0.00138 0.11131 0.99232 -0.03382 -0.05066 0.26476 -0.01498 0.42040 0.10519 0.00035 -0.00539 -0.24212 0.77426 0.00138 -0.00233 0.01111 0.00092 0.03525 0.10422 -0.00692 0.00377 -0.00233 -0.00705 0.03264 -0.00684 -0.10908 -0.03896 -0.33376 0.04665 -0.13493 -0.08356 
-0.01499 -0.10584 -0.00732 -0.00220 -0.04633 0.00848 -0.25764 -0.16992 0.00530 0.00165 -0.01732 0.20022 -0.00047 0.01190 0.00485 0.00824 0.10931 0.00368 -0.01162 -0.02975 0.01556 0.10413 -0.02424 0.00607 -0.12082 0.09479 -0.00335 -0.00690 0.01975 0.01773 0.03219 0.02814 0.02934 -0.00048 -0.17846 1.06216 -0.00706 0.02491 -0.12997 -0.03848 0.41211 -0.30718 0.00973 0.71850 -0.34845 -0.22215 -0.00131 -0.00300 0.00188 0.21351 0.02740 0.10603 0.00177 -0.00814 -0.00099 -0.00345 -0.02326 -0.00175 0.00032 -0.09647 -0.02527 -0.05012 -0.13993 -0.06722 
-0.02426 0.02093 -0.01100 -0.02283 -0.04279 0.01339 -0.05315 -0.24293 0.00452 0.00113 -0.03631 0.25486 0.00181 0.00096 -0.00425 0.00591 -0.00380 0.00499 -0.00268 -0.02001 0.01164 0.06918 0.01718 -0.00593 0.96578 0.19212 0.00249 -0.00690 0.07144 0.02836 0.01753 0.00984 0.02934 -0.00183 0.13090 0.14104 -0.00860 0.05170 -0.15559 0.08541 -0.69294 -0.47886 0.01174 -0.41144 -0.25171 -0.58510 -0.00070 -0.00248 0.00618 0.07044 -0.04534 -0.04668 0.00444 -0.00980 0.00121 0.00114 -0.01298 0.00361 0.09352 -0.01539 0.19987 -0.12075 0.08328 0.02060 
-0.02258 0.06782 -0.01073 -0.01795 -0.03618 0.00690 0.10566 -0.18961 0.00395 0.00074 0.00135 -0.17760 0.00348 -0.00703 -0.01077 0.00113 -0.08566 -0.00128 0.00337 0.02208 -0.01292 -0.02003 0.02836 -0.01278 -0.28009 0.11112 -0.00259 -0.00691 0.06109 -0.00283 0.00682 -0.00352 0.02007 0.00335 0.20558 -0.58895 -0.02265 0.00014 0.24007 0.14479 -0.43762 0.00528 -0.00530 -0.58653 -0.00045 0.29685 -0.00025 -0.00211 0.00506 -0.20373 -0.07680 -0.12651 0.00164 0.00198 0.00281 0.00449 -0.00230 0.00716 0.10980 0.07066 0.06491 -0.02834 0.10463 0.03326 
-0.01028 -0.01789 -0.00408 0.01733 0.01151 -0.00604 -0.00253 -0.02337 0.00354 0.00047 0.02617 -0.35520 0.00235 -0.00950 -0.01081 0.00356 -0.12576 0.00022 -0.00357 0.02084 -0.02711 -0.06335 0.01469 0.01109 -0.66928 -0.11140 -0.00535 -0.00691 -0.01388 -0.00619 -0.00099 -0.01327 -0.00014 0.00644 -0.01911 -0.72723 -0.02277 -0.04151 0.09785 -0.02961 0.44325 0.32883 -0.01115 -0.23906 0.18215 0.41619 0.00007 -0.00183 0.00752 -0.10323 0.02263 0.16627 -0.00075 0.01040 0.00102 -0.00181 0.00875 0.00289 0.06096 0.06728 -0.23981 0.00958 -0.15079 -0.05487 
-0.00116 -0.07510 -0.00384 0.01329 0.03231 -0.01317 -0.07736 0.12987 0.00324 0.00026 -0.00500 0.11786 0.00052 0.00789 0.01311 0.00608 0.01670 0.00672 -0.00831 -0.02195 -0.02455 0.02925 -0.02003 0.01586 -0.48586 -0.04406 0.00039 -0.00690 -0.06187 -0.00889 -0.00366 0.01908 -0.01490 0.00870 -0.09036 -0.32143 -0.01375 -0.01843 -0.28355 -0.14118 0.40776 -0.47646 0.01500 0.38413 -0.24427 0.00117 0.00031 -0.00163 0.00527 0.07626 0.04365 0.31414 0.00321 -0.00079 -0.00002 -0.00154 0.01238 -0.00150 0.02187 0.01633 -0.04401 0.03439 -0.10082 -0.05971 
-0.00969 -0.04808 -0.00854 -0.00732 -0.01416 -0.01658 0.03716 0.00004 0.00301 0.00011 -0.04183 0.28548 -0.00050 0.01121 0.01918 0.00420 0.08976 0.00468 -0.00536 -0.04102 -0.00533 0.06011 -0.03109 0.01426 0.29171 0.07498 0.00457 -0.00690 0.03387 -0.00776 0.00428 0.03248 -0.01753 0.00426 0.14372 0.60112 -0.00933 0.02000 -0.18948 -0.17911 -0.21638 -0.54619 0.00351 0.43407 -0.45697 -0.24936 0.00048 -0.00148 0.00371 0.05681 0.00048 0.30344 0.00136 -0.00848 -0.00078 -0.00134 -0.00316 0.00819 -0.04027 -0.02452 0.16445 0.04505 0.05294 -0.02059 
-0.01352 -0.00931 -0.00913 -0.01725 -0.01051 -0.01384 0.07337 -0.10215 0.00285 0.00001 -0.00217 -0.05722 0.00399 -0.00028 -0.01302 -0.00002 -0.03195 -0.00021 -0.00125 -0.02439 -0.00552 0.00997 0.02728 -0.00522 0.36761 0.09466 0.00528 -0.00690 0.02110 -0.00631 0.00925 -0.00419 0.00541 0.00598 0.17224 0.02597 -0.01815 -0.01150 0.14418 0.03453 -0.45239 -0.13683 -0.00963 0.10702 -0.14885 0.16092 0.00061 -0.00137 0.01133 -0.07934 -0.03820 -0.05004 -0.00189 0.00587 -0.00019 -0.00162 -0.01023 0.00462 -0.03668 0.02230 0.17061 0.04172 0.11302 0.00900 
-0.01049 0.02162 -0.00638 -0.00587 0.01777 0.00089 -0.00307 0.02313 0.00274 -0.00007 -0.00468 -0.21594 0.00356 -0.00713 -0.01802 0.00083 -0.10045 -0.00383 -0.00281 0.01014 -0.00446 -0.04282 0.01731 -0.01243 -0.21091 0.09075 -0.00389 -0.00691 -0.01318 -0.00525 -0.00253 -0.01642 0.01596 0.00754 -0.02639 -0.41353 -0.01992 -0.02952 0.29623 0.18226 -0.35587 0.31692 -0.00514 -0.42185 0.17887 0.29590 0.00070 -0.00129 0.00772 0.01473 -0.00192 -0.12761 0.00230 0.01028 0.00050 -0.00163 0.00288 0.00362 0.05613 0.03694 -0.33017 0.01391 -0.07677 0.02495 
-0.00496 0.02075 -0.00455 0.00978 0.00852 0.00820 -0.05019 0.10769 0.00265 -0.00013 -0.02732 -0.23147 0.00090 0.00314 0.00755 0.00306 0.07181 -0.00192 -0.00450 0.01836 -0.00382 0.04033 -0.00185 0.00581 -0.35086 0.08100 -0.00831 -0.00690 -0.03508 -0.00581 -0.00531 0.00870 0.00964 0.00681 -0.15273 -0.21111 -0.01536 -0.00453 0.24546 0.11989 0.23721 -0.42918 0.00265 0.00599 -0.14257 0.02314 0.00077 -0.00124 0.00390 0.04961 0.01849 -0.06865 0.00192 -0.00447 0.00062 -0.00147 0.01041 -0.00042 0.00029 -0.00778 0.07411 0.01973 -0.15659 0.01903 
-0.01145 -0.02899 -0.00629 0.01600 0.00148 0.00075 0.00907 0.13761 0.00259 -0.00017 -0.02258 0.02269 0.00118 0.00801 0.02135 0.00427 0.05434 0.00287 -0.00432 -0.01890 -0.00362 0.04933 -0.00799 0.00984 -0.00773 -0.01198 -0.00092 -0.00690 -0.04514 -0.00593 0.01193 0.01854 -0.01412 0.00560 -0.00914 0.58394 -0.01204 0.01371 0.09505 -0.08989 -0.04576 -0.35730 0.00431 0.29458 -0.22888 -0.21080 0.00082 -0.00120 0.00815 0.02153 -0.00349 0.09561 -0.00104 -0.01427 -0.00098 -0.00140 -0.00417 -0.00128 -0.03742 -0.03455 0.11505 0.01214 0.01071 -0.02613 
min err=0.00416
gbest=(0.00082, -0.00120)