0.44767 5.12000 3.59049 -0.40889 4.87761 -2.66921 1.30262 1.84872 1.33653 1.00672 1.63866 -2.84776 4.71263 -0.25050 5.10493 -2.02783 4.60336 -2.09477 4.84203 -2.53016 0.42052 -0.52566 5.12000 2.59854 -4.91252 -5.12000 2.73699 -2.55404 -2.88318 1.59233 -4.39116 2.53280 0.63767 -1.96053 2.43315 -1.19854 2.54683 -0.74817 -0.16358 1.53924 2.74761 0.77540 5.12000 -1.69460 -3.64589 0.71043 -0.40611 -2.91713 3.27530 3.30221 2.30326 -4.82477 0.86926 -1.83061 3.49655 -1.78652 5.12000 -4.04388 4.76000 -1.68133 4.53599 -1.00551 4.66863 -0.20701 
2.39177 -0.36032 2.88318 -0.09907 3.19256 -2.10004 2.98649 -0.76642 3.95968 0.22395 2.69795 0.42236 4.34371 -1.32511 4.86990 -1.53171 5.12000 -1.18461 5.11181 -1.15519 1.10152 -3.29440 1.45796 -0.34903 2.51318 0.25739 4.20730 -0.43156 -0.39484 -1.44029 3.24212 -1.89850 5.12000 -1.03557 2.55247 -3.82958 5.12000 -4.01276 2.99473 1.11623 3.01114 -0.08353 3.78322 -3.22418 1.17451 -0.49969 0.33375 -0.93565 5.12000 -2.72394 2.27196 -3.64157 5.12000 -1.46042 3.34516 -1.72115 -0.52393 -0.07034 5.12000 0.29497 5.12000 -2.79135 4.55433 2.45308 
4.24008 -3.97760 2.37884 0.14697 1.80014 0.13577 4.22746 -1.99145 2.37232 -0.33292 2.85349 -0.66717 2.52946 -1.39432 2.91693 -1.08526 -0.94744 -0.94408 1.19444 0.73441 3.01605 -4.13172 -0.48270 -2.13111 5.12000 4.17352 -1.40966 0.16804 5.12000 -0.21601 5.12000 -4.96101 0.19086 -0.67348 2.93594 -0.17960 1.55538 -4.29239 5.12000 -0.75461 3.20346 -0.71039 2.35536 0.29024 5.12000 -1.10989 4.52233 1.07559 0.73193 1.63111 2.36895 1.68238 1.65741 -0.85846 2.76826 0.05491 -3.26471 2.81923 5.07965 1.24785 2.05954 0.77975 4.23210 -1.05983 
3.79919 0.17418 -2.18762 -0.97182 0.32692 1.73848 -0.37767 -0.55488 -0.84702 -1.08366 2.41214 -1.50610 -0.28598 -0.77437 -0.85127 -0.61981 -5.12000 -0.76854 -4.32071 1.29226 -0.23182 -1.30383 -2.39091 -2.34077 -0.08315 5.12000 -5.05029 -2.71747 -2.56202 0.06932 4.17968 -0.17403 -4.40675 -2.17680 1.14612 2.36490 -2.73641 3.03095 -0.84309 -0.48780 -2.60395 -1.24761 -1.32299 1.81972 -2.35047 -0.60595 2.34219 -0.90110 -2.71241 1.97019 -1.99006 2.31561 -2.63725 -1.48049 -3.04177 0.68406 -0.15056 -2.26320 -0.25463 1.59366 -4.32257 2.22809 1.17119 -3.52472 
-1.17092 2.47377 -4.90586 -1.76304 -1.86826 0.78447 -2.47754 0.12331 -3.23736 -1.53265 -0.09578 -1.33323 -2.68398 -0.36879 -0.62144 -0.62778 -1.14262 -0.99690 3.41239 -4.70055 -2.86737 1.14704 -1.11065 -1.47242 -4.30934 2.24031 -0.39808 -4.37936 -5.12000 1.41326 -4.30632 0.92975 -0.29360 -1.43462 0.57394 -0.18822 -4.02979 5.12000 -3.80110 -0.08712 -4.48172 -0.55328 -3.80919 1.71649 -5.12000 -0.42372 -1.94915 -2.36565 -4.72619 2.00261 -4.81021 -1.46036 -0.33279 -1.47632 -2.23335 -0.83077 1.87857 -4.15653 -4.37570 -1.64045 -4.35477 1.61858 -1.05485 0.65595 
1.18410 0.68390 1.92300 -1.04732 -1.84288 -1.36529 3.03597 0.03931 0.43776 -1.43244 -3.02853 -0.77948 -1.67958 -0.87759 1.76896 -1.10867 1.95853 -1.12782 5.12000 -0.87472 -3.76755 0.92357 -0.04417 -0.35553 0.05577 2.80800 2.62954 -3.22639 -0.57415 -0.54028 -2.91239 0.58765 2.39128 -0.58259 -0.84604 -2.33370 -3.29969 -1.18627 4.24720 -0.30416 2.46182 0.52212 -3.40063 -1.64421 -2.44055 -1.09670 -3.76652 0.49367 -2.10098 1.62588 -0.56393 -3.28210 2.77576 -0.93890 1.33598 -1.71246 -0.54937 -2.58678 -2.64891 -1.56729 5.12000 -0.46935 -2.54661 3.59274 
1.81126 -2.25520 5.12000 -0.49293 2.03123 -0.80050 1.58802 -1.35964 0.62823 -1.06755 -3.09055 -0.59908 -0.39386 -1.25354 2.70829 -1.26210 -0.64757 -1.08508 -0.49458 1.67589 -1.09126 0.39393 0.71567 0.27968 3.11605 2.24112 -2.31051 -2.22549 0.11760 0.82310 5.12000 -1.84030 -0.09015 -1.01308 3.21704 -2.92168 0.10107 -1.29386 5.12000 -0.41409 5.12000 -1.45646 -0.05789 -1.83104 5.12000 -0.93907 2.87097 -1.10670 0.48530 0.72249 1.66261 0.58348 3.63311 -1.19934 1.26795 -0.15057 -2.47683 0.50189 0.54750 3.08369 3.03679 -0.42497 -1.23421 -0.55212 
1.70819 -1.83080 -2.46500 -0.64771 2.16736 -0.54811 -0.55731 -0.48052 -0.82892 -0.81274 -1.10280 -1.04554 -0.94520 -1.30292 -0.23866 -0.98103 -2.73420 -0.85054 -1.99788 1.84607 -0.28039 -0.56619 0.03190 -0.93869 -1.18069 -0.23310 -3.07620 -0.30119 0.51533 0.75960 -4.14120 -2.76978 -1.90110 -1.32725 3.39882 -0.94827 2.53385 -0.96578 -2.63417 -0.27085 -0.58029 -0.70578 2.38012 -0.91676 -3.39362 -0.43926 4.58034 -2.24022 0.81422 -1.59550 -0.00725 2.87936 0.65183 -1.45916 -0.60735 0.76970 -1.28515 1.25317 2.29876 5.12000 -1.49304 -0.43267 0.12563 -4.09193 
-0.76713 0.56377 -2.83733 -1.43426 2.06949 -0.56037 -0.38773 0.40262 -1.07783 -0.82317 1.51419 -1.34272 -0.91528 -0.87071 -2.16581 -0.75869 -2.51740 -0.79732 0.76178 -1.85458 -0.83735 -1.67520 -0.46712 -1.82786 -2.43616 -0.21963 -1.86072 0.69468 0.12219 -0.37455 -3.22238 -3.14860 -0.37180 -1.36128 0.38414 1.17467 2.65811 -0.78960 -5.12000 1.22932 -1.34747 0.55603 1.04514 -1.01530 -5.12000 -0.53086 -0.61759 -1.32267 -0.30821 -1.73324 -1.20000 2.47750 -2.01134 -1.42420 0.47045 -1.10888 1.06890 -3.86066 -0.55971 -1.95149 -3.12554 -0.03578 0.08094 2.16338 
0.87944 1.86294 5.12000 -1.50547 1.22439 -0.85987 5.12000 0.41908 -0.10632 -1.00370 0.44342 -1.21112 -0.58474 -0.56533 -2.12971 -1.03452 -1.49506 -1.04245 3.01236 -2.25604 -3.92615 -0.85341 0.12643 -2.02429 -0.38219 0.04548 0.15203 0.25031 -0.23226 -0.26238 5.12000 -0.22293 1.40639 -0.70892 -0.74112 -1.36303 -1.10790 -1.35080 5.12000 1.07070 0.82126 0.64249 -0.92598 -0.99846 5.12000 -0.91435 -3.62572 0.08819 -1.66249 0.28609 -0.16020 0.81556 0.30767 -1.44020 1.46755 -0.90345 1.93849 -3.91831 -2.40648 -5.12000 -3.77110 0.01850 0.03000 5.12000 
1.18351 -0.53841 1.73615 -0.92417 1.07430 -1.12392 -3.36723 -1.85885 0.79923 -1.08595 -1.72259 -0.70632 0.28989 -1.00064 -0.37944 -1.17097 0.50910 -1.05048 3.87319 -0.10297 0.00982 0.60573 0.37390 -0.46666 1.47706 1.81883 1.56597 -1.18208 0.04439 0.11812 -2.65614 -0.08083 -0.56312 -0.69328 3.42862 -1.52739 -2.26562 -1.42678 2.96274 -0.42858 3.80035 -0.73094 -0.40931 -0.91363 -4.82960 -1.15384 -1.82408 -0.42685 -1.26499 2.57376 1.03729 0.72498 2.14707 -1.08643 0.54914 0.15124 0.83167 -0.51046 -2.46851 2.80157 1.67868 -0.16794 0.02905 -5.12000 
-0.19643 0.15408 -2.10173 -0.52417 -0.34073 -1.24488 -3.79951 -1.64986 -0.05878 -0.94008 -1.70177 -0.49608 0.17670 -1.16021 1.29095 -1.04326 0.57096 -0.91163 0.38956 -0.51504 -0.32034 -0.39660 -0.16498 -0.52751 0.23443 4.17441 -0.54777 -2.02625 0.24347 -0.53648 -5.12000 -1.04442 -1.56556 -1.14688 3.54572 -0.28775 0.60308 -0.87628 -1.97130 0.75340 3.82597 -1.74834 0.70398 -0.95479 -0.81178 -0.98512 3.15789 -0.91885 -0.21338 2.26893 -0.00528 1.16964 1.11298 -0.63366 0.25563 -0.26382 -1.30257 1.29973 -0.32407 2.11819 1.94563 -0.79995 0.07017 -0.36188 
-0.93874 -0.48797 4.03666 -0.81973 -0.86597 -0.83587 5.12000 0.75906 -0.61455 -0.83272 1.21713 -0.99291 -1.02558 -0.83344 -0.72245 -0.87892 -1.19641 -0.81597 -1.84178 -1.86134 -0.47005 -0.74839 -0.29142 -1.42044 -0.82962 2.70887 -1.20843 0.40086 0.12590 -0.88969 -3.63504 -0.86099 -1.65129 -1.14473 0.22804 -0.09917 1.69495 -0.90544 -0.43489 1.70128 0.97763 0.29217 1.58266 -1.00113 2.15009 -0.85280 3.43926 -1.43621 -1.22914 0.08540 -0.72315 -1.45534 1.65185 -0.86859 -0.06791 -0.95808 -0.07410 -0.06176 1.33483 -1.94390 0.28233 -1.32561 0.09247 3.96959 
2.34546 0.21146 3.91534 -1.21762 2.60282 -0.64020 2.79447 0.50737 -0.27959 -0.96231 0.27003 -1.38512 -0.81850 -0.65631 -2.52562 -0.97599 -1.20109 -0.84028 3.12493 -1.45218 -3.05780 -0.04588 -0.30819 -1.21320 0.20822 -0.62964 -0.56734 1.93712 -0.13358 -0.76483 -1.35658 -0.31028 -0.42326 -0.74595 -2.42355 -0.02043 1.52758 -1.42521 4.50278 -1.65080 0.74285 -0.17375 1.53912 -0.97337 0.44701 -1.06110 1.45612 -0.89174 -1.58506 -1.92712 0.14214 -1.62049 1.61628 -1.11108 -0.22254 -1.43825 0.92174 -1.54957 1.53583 -4.09321 -1.05162 -0.77401 0.02503 -0.69014 
2.12763 1.98886 2.12149 -1.13504 0.78440 -1.11544 -1.54305 -1.58294 0.45566 -1.03618 -2.39502 -1.19252 0.19425 -0.90278 -0.54672 -1.09764 0.11036 -0.94371 5.10796 -0.55483 -4.37159 -0.73520 -0.06576 -0.55816 0.82424 1.23989 0.52132 -2.37667 -0.13087 -0.61535 1.10575 0.13827 0.54583 -0.91463 1.07470 -0.77652 -1.34662 -1.33732 1.72373 0.36493 0.08760 -1.39230 0.42708 -0.94918 -2.74087 -1.11381 0.14236 -0.67188 0.63026 -0.61064 0.47875 -1.01574 1.08143 -1.22905 -0.00652 -0.78625 0.04747 -0.67720 1.31935 -2.89623 -1.03609 -0.49394 0.05967 -0.58595 
0.54995 1.34822 0.48647 -0.91019 -0.25569 -1.39689 -0.81185 -0.79198 0.12315 -0.95717 -3.13993 -0.66155 -0.51480 -1.06087 -0.60913 -1.04278 1.02416 -1.01888 0.42093 -0.24131 -0.48555 -0.69902 0.29861 -0.97851 0.02402 1.90225 1.07107 -1.42886 0.08095 0.36105 2.65930 -0.80802 0.48539 -1.08486 2.48790 -0.95280 -1.87176 -0.80291 -0.26408 1.61893 3.08008 -0.83263 -0.32607 -0.93530 -1.43775 -0.79398 -0.46150 -1.28519 -0.19395 0.90590 0.06190 0.85015 -0.37466 -1.00537 0.16893 -0.64841 -0.76181 -0.24864 0.48155 0.39695 -0.45591 -1.08000 0.07380 -0.57569 
-0.78207 1.24577 -0.97534 -0.78088 1.30978 -0.85670 3.71747 0.59021 -0.41363 -0.87867 1.46880 -0.69412 -0.84811 -1.00671 -2.05476 -0.98351 0.69917 -1.00587 -3.00934 -1.52731 1.05372 -0.65251 0.22659 -1.20549 -0.55532 1.61639 -0.22186 0.89030 0.19415 0.25734 2.21238 -1.44006 -0.12930 -1.15295 -2.56841 -0.40068 -1.29555 -0.42598 2.12480 1.76511 4.28022 0.09975 1.34997 -0.98386 2.51186 -0.63506 -0.40514 -1.67298 -0.45785 -0.51319 -0.25234 0.65145 2.39028 -0.83898 0.17919 -0.95154 0.14548 -0.53823 0.05388 -0.36076 -0.23667 -0.91838 0.05393 2.66829 
0.48349 0.02203 1.63130 -0.88284 0.48134 -0.72215 5.12000 -0.67894 -0.16994 -0.98560 2.98467 -1.17790 -0.70172 -0.90897 -1.19848 -0.88204 0.32177 -0.98620 1.47129 -2.19653 -2.47962 -0.47557 0.01781 -1.12979 -0.08762 0.73630 -0.80138 2.48427 0.11395 -0.10369 -1.40537 0.03620 -0.54022 -1.05525 -4.31492 0.03172 0.45182 -0.92233 2.45732 0.68590 -1.66049 -0.50440 2.05566 -1.00667 -1.08274 -1.21794 0.43750 -0.56535 -0.02366 -0.42542 -0.08605 -0.86435 1.24578 -0.98252 -0.26405 -1.17325 0.59465 -0.79162 -0.26370 -1.56666 -0.29125 -0.65413 0.05038 4.07624 
1.09123 -0.39093 1.84162 -1.22217 0.01064 -0.75922 -3.63913 -1.57451 0.10432 -0.95357 0.65693 -1.32455 -0.55079 -0.86994 -1.27472 -0.90040 0.24429 -0.94828 3.37616 -1.34307 -3.91207 -0.45028 -0.11991 -0.94089 0.46205 1.22454 0.26998 -1.78620 0.03953 -1.05371 -0.04436 0.53124 -0.13059 -0.85270 4.02197 0.10846 -1.27598 -1.15516 1.24018 -1.68267 -2.44000 -1.15642 -0.46890 -1.03038 -3.25472 -1.43135 2.85956 -0.68672 0.23922 -0.32309 0.24698 -0.68242 1.07628 -1.09816 -0.23213 -1.11622 0.07589 -0.99809 0.25867 -0.63348 0.02085 -0.63213 0.05850 -1.91055 
1.05516 -0.39122 1.82119 -1.16068 0.98094 -1.26352 -5.12000 -1.01187 0.10219 -0.89336 -2.26911 -0.84800 -0.25197 -0.99630 -1.64298 -0.97664 -0.06183 -0.96318 3.59977 -0.41282 -0.02881 -0.45119 -0.06905 -0.79967 0.22685 -0.82058 0.12754 -3.58180 -0.01822 -1.60155 2.48773 -0.76008 0.26171 -0.84718 -1.08620 -1.17141 -2.43412 -1.21993 0.75587 -0.80638 1.34589 -0.71150 -0.80458 -1.03114 2.77285 -0.64169 2.46849 -1.53862 0.19911 1.02849 0.19188 -0.17911 0.86837 -1.01791 0.08091 -0.79861 -0.46008 -0.85026 0.49294 0.42283 -1.00890 -1.00067 0.05551 -5.00416 
-0.00555 0.51761 0.82192 -0.83414 0.77402 -1.43649 5.08186 -0.10030 -0.06567 -0.90593 -0.72629 -0.68078 0.08604 -1.02881 -0.32889 -1.01953 -0.21486 -0.95683 1.64934 -0.50251 0.81149 -0.44245 0.23914 -0.97970 -0.29944 -2.11278 -0.27718 -4.48966 0.03588 -1.03589 3.24752 -0.71129 0.33576 -1.16737 -4.78703 -1.96400 0.42038 -0.69957 0.70696 0.74287 5.09594 0.26131 0.68491 -0.95408 1.46738 -0.69395 1.27791 -1.71064 0.09869 1.99079 -0.04391 0.82786 0.49579 -0.87524 0.20431 -0.87637 -0.39812 -0.46816 0.02463 0.40333 -0.86449 -1.24241 0.02461 -1.79910 
-0.57141 -0.06895 0.10535 -0.91524 -0.39669 -1.11295 5.12000 0.21526 -0.06163 -1.05384 0.80307 -1.16779 0.31316 -1.05930 -1.05416 -1.01397 -0.00690 -1.06816 -0.13357 -1.93423 -1.41903 -0.75292 0.02750 -1.14766 0.15675 2.19108 -0.18502 0.79395 0.07536 -0.62308 2.39605 -0.74510 0.24498 -1.12485 -2.27339 -0.36981 0.99870 -0.64019 3.37903 2.13598 5.12000 -0.73933 1.44555 -1.07776 -1.56215 -1.20220 0.96258 -1.28237 -0.04508 -0.64671 -0.08295 0.89407 0.18604 -0.94033 0.17514 -1.22879 0.19741 -0.44898 -0.30648 -1.81167 -0.70513 -1.04837 0.05393 1.50323 
1.15528 1.33149 -0.49448 -1.06466 0.35585 -0.80257 2.66887 -0.99280 0.02426 -1.04061 -1.56806 -1.20190 0.28267 -1.05070 0.03997 -1.04206 0.15394 -1.07593 -1.42102 -2.45594 -2.10408 -1.30973 -0.11861 -1.13543 0.42702 4.75702 0.00430 2.66068 0.01721 -0.68038 -2.54526 -0.63327 -0.24444 -1.02780 1.70630 -0.16823 -0.11015 -1.11455 2.24103 -1.19620 -2.15948 -1.18129 0.34620 -1.15911 -3.07267 -1.25948 2.41663 -0.57931 -0.00361 0.27753 0.05485 -1.25578 -0.01747 -1.23639 -0.10132 -1.19298 0.20815 -0.90923 -0.47606 -2.62340 -0.98485 -0.83509 0.07371 1.16153 
2.01243 1.42156 -0.11595 -1.07899 1.65501 -0.67084 0.10049 -1.54814 0.08695 -1.03095 -0.72735 -0.80317 -0.16680 -1.00504 0.82049 -1.06164 -0.01850 -0.99728 0.35369 -2.02466 -2.56568 -0.67715 0.11781 -0.88100 -0.55167 4.08569 0.05981 0.76919 -0.01057 -1.40475 -3.02232 -0.65762 -0.31004 -0.95279 0.80441 -2.49169 -0.85898 -1.45601 -0.60315 -2.44669 -5.12000 -0.44954 -0.19318 -1.10700 0.36132 -0.87549 2.79903 -0.87601 0.06461 1.57954 -0.02976 0.28823 0.63646 -1.38229 -0.11329 -0.81511 -0.30004 -0.73903 0.60335 -0.93687 -0.93287 -0.96743 0.02629 0.00678 
0.76093 0.41724 0.67996 -0.40564 -0.23517 -0.88730 2.04581 -0.23877 0.04299 -0.48563 -0.42505 0.33659 -0.19974 -0.11312 1.17980 -0.84704 -0.11855 0.29032 1.31633 -0.79429 -0.42993 0.50544 0.18928 0.58215 -0.94446 0.00094 0.07741 -0.74302 0.07636 -0.10595 5.12000 0.82527 -0.11875 -0.85771 -0.41214 -1.03992 0.16390 0.20263 1.06189 -1.16584 5.12000 0.58752 -0.22635 0.55942 2.33854 -0.31276 -0.66291 -0.30682 0.11083 1.55824 -0.06141 2.13933 0.72069 -1.02802 -0.05270 -0.09759 -0.21048 -0.17947 0.55113 0.98545 -0.37178 0.02942 -0.00831 -0.83596 
-0.55173 1.61310 0.14037 0.33401 -0.19703 -1.13302 3.66602 1.09296 -0.02668 0.25632 -0.95893 -0.55597 0.24340 0.33011 -1.05524 -0.50080 0.03750 0.11642 -0.40461 -0.33613 -2.08979 1.05254 0.04780 0.13820 -0.34053 -2.97771 0.02782 0.20789 0.02365 0.90149 -5.08521 1.33638 0.23920 0.10201 -1.82159 0.55090 0.49125 0.01067 2.25061 0.86832 2.46062 0.09441 0.18756 1.36959 0.75664 -0.25439 2.10924 -0.59376 0.10724 1.53613 -0.03633 1.31592 0.01112 -0.17864 -0.00404 -0.37026 0.08732 0.35649 -0.08152 0.43074 -0.37951 -0.35220 0.03527 -0.21900 
0.39846 2.36690 -0.28974 0.36683 0.55720 -0.67040 0.21398 0.44053 -0.02504 -0.98120 -0.80172 -1.74403 0.26364 0.02374 -0.80905 -0.07969 0.09837 -0.39219 -0.82442 0.09416 -2.23406 0.17888 -0.08518 -1.00143 -0.71724 2.75904 -0.01051 0.81882 -0.01203 1.30153 -5.12000 -1.68540 0.26995 0.20478 -0.96992 -1.15336 -0.77038 -1.44212 3.02973 1.37575 0.58511 -0.29046 0.75466 0.89535 -2.32867 0.01221 4.87377 -0.28126 0.07506 0.10800 -0.01203 -0.33943 -0.26388 -0.18971 -0.00689 -0.57054 0.04303 0.52008 -0.33414 -0.84064 -0.48346 -1.17732 0.05639 0.30343 
0.97793 -0.31528 -0.34585 -1.28543 1.59646 -0.54173 0.40708 -0.65607 0.01553 -0.52213 0.28908 -0.07904 0.15308 -1.23404 1.42634 -0.37182 -0.07822 -0.43207 -0.27000 0.29592 -1.74265 0.15751 -0.01828 -1.63472 -0.32677 3.65165 0.01106 1.25151 0.06161 -1.31192 -3.13499 -0.06732 0.08366 -1.35470 0.56080 -2.24053 -0.20177 -1.37423 -1.55173 -2.20415 1.11255 -0.18698 1.18566 -1.88453 -3.78879 -0.32855 0.15714 -0.89582 0.03619 -0.99823 0.01273 -0.33464 0.22167 -0.88099 -0.05669 -0.73218 -0.02675 -0.58706 -0.09668 -1.26990 -0.20247 -0.50148 0.02503 0.31843 
0.73231 -1.96038 0.32861 -1.47451 0.39147 -0.28687 1.92473 -0.49265 0.00531 -0.20346 0.01305 0.49225 -0.06772 -0.60175 0.51914 -1.07373 -0.07650 -0.59083 -0.13141 0.06826 -1.49848 1.16154 0.08331 -1.44985 -0.06302 -0.71385 0.00098 0.77302 0.06918 -1.86850 4.52900 1.41957 -0.19907 -1.34549 0.33175 0.89562 0.53384 -0.09561 -1.71771 -3.05501 0.81553 -0.03571 -0.00232 -3.02845 2.21821 -0.46291 -3.36281 -0.03616 0.00223 -0.45116 0.03322 0.53710 1.24520 -0.21283 -0.08083 -0.66031 -0.14236 -0.12922 0.24207 -0.06319 -0.02657 0.00708 0.00290 -0.09282 
-0.17037 1.77356 0.59666 -0.63356 0.01099 -0.48849 1.24008 0.44354 0.01030 -0.95056 -1.12953 -1.55345 -0.10669 -0.32310 -1.05972 -0.44835 -0.00358 -0.89758 0.13880 -0.11689 -0.15774 1.76721 0.09807 0.49625 -1.02887 -3.12093 0.02298 -0.67520 0.00500 -0.74842 5.12000 0.13396 -0.10831 0.79700 -1.75307 0.08595 0.29172 0.33850 1.87266 1.36299 0.29944 0.12530 -0.30875 -2.91507 0.68781 -0.15308 -5.12000 0.17937 0.05745 -0.22485 0.01136 1.13507 1.69220 -0.59879 0.05115 -0.21537 0.00019 0.35594 0.32245 0.82181 0.10514 0.37806 0.02994 -0.16225 
-0.46685 4.09144 0.65486 0.85332 0.91728 -1.48911 0.78647 0.29688 -0.01078 -0.47391 -0.57979 -1.36211 0.13881 -0.05350 -0.40184 -0.17828 0.07285 -0.76834 0.06253 0.06090 0.43866 1.37208 -0.02739 0.77776 -0.22529 -1.09216 0.02942 -0.01586 -0.01053 0.34203 1.27069 -0.98346 -0.02818 -0.26065 -2.18784 -1.67213 -0.16720 -1.59266 1.28334 0.61508 -0.07797 -0.02587 -0.08236 3.67951 -1.08223 -0.09279 5.12000 0.20608 0.08123 -0.87398 -0.10397 0.10045 1.72159 -0.43708 0.05743 -0.10331 0.04113 0.37772 0.07623 0.45937 0.11551 -0.00960 0.04491 0.25418 
0.12553 -0.65622 -0.38819 -0.57779 0.85579 -1.78904 1.54437 -0.17883 -0.03329 0.04480 -0.52585 -0.91622 0.12514 -0.65327 0.13692 -0.75052 -0.00392 -0.63899 -0.02392 0.18216 -2.46595 -0.03048 -0.04795 -0.27469 0.25554 3.29102 0.03103 0.48551 0.07575 -0.57273 -2.09895 0.26436 0.03885 -2.01339 1.11635 -0.71600 -0.25556 -0.38279 -0.55395 -2.03004 -0.24938 -0.09890 0.21332 5.12000 -1.28443 0.05927 -1.96712 -0.96307 0.03616 -0.86309 -0.18502 -0.70504 -0.56888 -0.14528 -0.08579 -0.48577 -0.08194 -0.08661 -0.05952 -0.69838 -0.10236 -0.26673 0.03729 0.22651 
1.47685 -1.79590 -0.40106 -1.10476 0.10629 1.03380 3.92811 -0.28083 0.01291 0.37014 -0.52362 -0.25131 -0.03268 -0.85143 0.29029 -1.02879 -0.04761 -0.07828 0.00124 0.06730 -0.76652 -0.89467 0.01536 -1.55425 -0.49302 0.60578 0.02563 -0.41972 0.04385 -1.30728 -1.07503 0.95123 -0.07880 -2.71020 3.05394 -0.17703 0.12959 0.41825 0.04244 -3.65528 0.14567 0.07918 0.24038 1.18444 -0.28279 -0.03462 -4.98436 -0.39726 0.00056 -0.09180 -0.08819 0.53855 0.38384 -0.48117 -0.00879 -0.94670 -0.11146 -0.29421 0.17274 -0.62272 -0.07087 0.10435 0.01603 -0.38158 
1.68359 2.51727 -0.23260 -0.42920 -0.49783 2.18213 -0.16754 -0.22723 0.01418 0.13641 -0.63277 -0.49228 -0.06149 -0.86430 0.05782 0.17694 -0.05378 -0.63664 0.03293 -0.07797 -0.63354 1.24117 0.08222 -0.81291 -0.47999 -1.97240 0.02736 -0.37163 0.00174 -1.09658 0.10158 0.60041 -0.17403 -1.55155 -1.65268 -0.96495 0.19318 -1.56989 0.95893 1.38934 0.07758 0.05551 1.18228 -3.68940 -0.07941 -0.15434 1.49212 0.03131 0.01032 -0.45971 0.12738 1.31663 1.55748 -1.27838 0.09252 -1.21617 0.00827 -0.17545 0.18073 0.17686 0.03408 0.12234 0.01715 0.11491 
1.19352 2.62921 0.27813 0.18841 -0.68082 -0.48247 -1.92136 0.31310 0.00792 -0.11629 -0.59568 -0.50831 0.06007 -0.01838 -0.15891 0.96444 0.00755 -1.12231 0.03443 0.05833 -0.82891 2.00953 0.08868 0.54266 0.00226 -1.39932 0.02815 0.38781 0.00227 -0.78495 -0.66967 -0.06175 -0.01700 -0.44818 -3.48708 -0.35771 0.02172 -0.55719 0.58846 2.23373 -0.11526 -0.02722 1.03341 -1.25357 -0.66412 -0.05615 5.12000 -0.04218 0.05330 -0.45303 0.08316 -0.12952 -0.05364 -0.54572 0.04185 -0.47605 0.01205 0.03887 0.02355 0.41999 0.02876 0.00570 0.03707 0.39972 
0.79276 0.36604 0.54272 -0.69243 -0.22724 -2.02208 4.53906 0.28433 0.01988 -0.07535 0.10197 -0.31694 0.13953 0.60519 0.07203 1.42915 0.04418 -0.52277 0.02175 0.15612 0.14674 1.36529 -0.01742 1.09254 0.17892 1.58312 0.02821 0.67347 0.04270 0.06656 -0.96039 -0.26557 0.05458 -0.35909 -1.40488 0.18730 -0.22464 -0.05079 0.59911 -0.81960 -0.05377 -0.07426 -0.56023 1.13053 -1.55832 0.02252 -5.12000 -1.42513 0.03252 -0.63836 -0.17961 -1.05056 -1.03953 0.62227 -0.01707 -0.14326 0.02192 0.16846 0.05486 0.07038 0.01699 -0.07761 0.03166 0.33401 
0.32098 -0.08353 0.06094 -0.69860 0.57871 -1.05395 5.12000 0.09634 -0.02457 0.12280 -1.13940 -0.14723 -0.02984 0.81849 0.16067 -0.98006 0.06033 0.30478 0.01235 0.01990 -2.25708 0.54214 -0.04960 -0.86382 -0.58483 0.31433 0.02857 0.29451 0.07042 0.66876 -1.14069 -0.12979 0.01058 -0.81967 1.37741 -0.77274 0.04512 -0.79238 0.62109 -2.95276 0.07314 -0.03875 -0.73563 1.22578 -1.38118 -0.02316 5.12000 -0.75039 0.02098 -1.01530 -0.26678 0.36426 -0.18401 -0.47196 -0.01317 -0.02421 0.02677 0.08182 0.04924 -0.27531 -0.02527 0.00006 0.02009 -0.04200 
0.38511 1.58957 -0.29148 -0.46382 0.46456 2.31242 -1.08968 -0.21649 -0.04912 0.13699 -1.35001 -0.93743 -0.04546 0.10582 -0.04303 -1.36289 0.01126 0.26274 0.00549 -0.07951 -0.69782 -0.15655 0.04699 -1.40880 -1.27375 -1.13028 0.02515 -0.34564 0.04408 -0.05254 -1.22825 0.16343 -0.02156 -0.15914 -1.36429 -1.07981 0.04141 -0.86238 0.06079 -3.17166 -0.06155 0.07266 1.57849 -0.68534 0.36882 -0.10014 -5.12000 0.68515 0.00050 -0.52866 -0.23995 1.06042 0.89668 -1.22277 0.02511 0.09735 0.00637 -0.10406 0.02273 -0.04182 -0.00481 0.06700 0.00152 -0.21736 
0.28838 2.18062 -0.38129 -0.75083 -0.13810 1.77329 -1.61460 -0.09213 0.03736 0.04526 0.39405 -1.09506 0.05252 -0.54333 -0.08022 -0.76388 -0.03951 -1.86459 0.00620 -0.07193 -0.71764 0.16319 0.04908 0.35996 0.15787 -0.75944 0.01550 -0.67228 -0.00704 -0.57010 0.07432 0.48339 -0.03705 0.38130 -2.56239 -0.46002 0.01665 0.05413 0.90340 -0.47606 -0.08302 0.04889 0.87986 -1.36022 0.49601 -0.02798 0.55265 -1.51107 0.01449 -0.31901 -0.15483 0.00962 0.82735 -1.46132 0.00397 0.13620 0.00599 0.00657 -0.00849 0.15412 0.01150 0.10326 0.02330 0.03815 
0.11858 -0.21109 0.63836 -1.05083 -0.10886 0.40335 5.00156 0.04611 0.04060 -0.02236 0.18631 0.24503 0.10845 -0.27889 -0.03650 0.46693 -0.01834 -2.33485 0.01453 0.06731 -1.19297 1.04625 -0.00343 -0.39293 -0.00094 0.83518 0.01631 0.08385 -0.00822 -0.16705 -0.58419 0.25186 -0.10099 -1.15264 -0.83531 -0.28895 -0.00889 0.68961 0.53747 0.95591 -0.01799 -0.01881 0.14662 -0.05013 -1.93542 0.05115 2.27742 -0.89920 0.02182 -0.74223 0.15224 -0.67246 0.20653 -1.58792 -0.02363 -0.08477 0.00572 0.08731 0.00570 -0.04081 -0.02738 0.08633 0.02291 0.19942 
-0.03137 -1.63675 0.03616 -0.90648 0.18997 -0.34609 3.70162 0.08687 0.03249 -0.06419 -0.91246 -0.64904 0.13147 0.26875 0.01630 -1.32035 0.01186 1.15200 0.01692 0.08917 -0.72195 0.19716 -0.01386 -1.01340 -0.66708 -0.11877 0.00745 0.48947 0.01345 0.43807 -1.70542 0.38219 -0.13207 -0.48926 1.62753 -0.09990 0.01616 -0.02670 0.31998 1.25533 0.04464 -0.03891 -0.01966 -0.23010 -3.15384 -0.00951 -1.63985 -0.43723 0.01877 -1.20339 0.10160 -0.98421 0.31437 -0.42371 -0.01974 -0.04832 0.00607 0.00369 0.01619 -0.14292 -0.01493 -0.00407 0.02185 0.15816 
0.04989 -0.55858 -0.41702 -0.73102 0.31795 -0.70167 0.74109 0.08173 0.02382 -0.00588 -1.72924 -1.25680 0.04341 0.15848 0.07576 -0.90399 0.01059 1.50812 0.01119 0.06225 -0.51599 0.67907 -0.00323 -0.13116 -0.83378 -0.62507 0.02034 0.27356 0.03738 -0.05769 -0.26959 0.70262 0.02244 0.26189 -1.14295 -0.41698 0.02536 -0.54802 0.56380 -2.65382 -0.02309 -0.03228 0.13225 -0.67601 -2.32584 -0.06267 -3.31573 -0.34706 0.01844 -0.93025 -0.04553 -0.63041 0.80896 0.86952 -0.00639 0.03000 0.00632 -0.05733 0.00353 0.02744 -0.00420 -0.06784 0.01272 -0.16008 
0.17018 0.91260 -0.39458 -0.26668 0.37765 -0.27651 -1.21205 0.04669 0.00185 0.03968 0.09965 -0.59912 -0.04978 -0.03788 0.07298 -0.17350 -0.03716 -0.57681 0.00709 -0.05250 0.19901 1.03289 -0.01105 0.37082 0.14938 -0.22604 0.01679 -0.23298 0.04934 -0.36988 -0.11796 0.96068 -0.02261 -0.49037 -1.92010 -1.09477 0.01115 -0.25914 0.63053 -4.32128 -0.03967 0.01464 0.45793 -0.84867 0.04246 -0.04734 -2.28330 -0.27575 0.00733 0.01862 -0.11361 -0.39067 0.34432 -0.55927 -0.00240 0.05906 0.00638 -0.04710 -0.00447 0.11818 -0.00678 0.02568 0.00872 -0.20981 
0.17111 1.05505 0.39617 -0.19855 -0.14110 1.41886 -2.29839 0.01937 0.01088 0.02471 1.20570 0.17491 -0.10115 -0.17619 0.04656 -0.50524 -0.06485 -2.44626 0.00637 -0.04138 -1.60634 0.07157 -0.00832 -0.89315 -0.69283 0.60511 0.00485 -0.37522 0.04610 -0.04344 -0.51083 -0.23121 -0.10197 -1.39847 0.28007 -1.56836 0.00143 0.11355 0.88556 0.99797 0.01256 0.03344 1.00476 -0.98537 1.74306 -0.00281 0.01811 -0.90816 -0.00161 0.69793 0.16432 -0.42782 0.38225 -1.63149 0.00501 -0.09683 0.00605 0.05207 -0.00312 0.06875 -0.00414 0.05960 0.02229 0.10720 
0.16364 0.80175 0.42057 -0.11399 -0.15231 1.57357 -0.25227 0.01028 0.02413 -0.05530 -0.32835 0.03710 -0.01286 0.01260 -0.03701 -0.99699 -0.00010 -1.14394 0.00592 0.06875 -3.18978 -0.00972 0.00090 -1.07677 -1.22792 0.37121 0.02389 0.22209 0.02196 0.21100 -0.34230 0.71392 -0.07500 -0.95804 1.01948 -1.09470 0.00153 0.21680 -0.22745 4.41702 0.03324 -0.05203 -0.04461 -0.35609 0.06228 0.03192 1.68285 -1.20353 0.00754 0.47619 0.14543 -0.28569 0.42319 -0.01180 0.00352 -0.06775 0.00582 0.03736 0.00033 -0.03656 -0.00241 0.08153 0.01328 0.12017 
0.05832 -0.04211 -0.13097 -0.64657 0.23088 1.43164 0.91697 0.01042 0.02877 -0.07788 -2.01129 -1.56004 0.05174 0.14165 -0.05743 -0.66317 0.04007 0.69819 0.00685 0.11198 -1.33570 0.73380 -0.00084 -0.96783 -0.40521 -0.05932 0.02600 0.42710 0.00960 0.07779 -0.31051 1.33594 -0.04292 0.60049 1.47386 0.49671 0.01418 -0.11685 -0.62884 5.12000 -0.00118 -0.05309 0.61026 -0.06600 -1.18717 -0.05701 1.34832 0.01143 0.01280 -0.59867 -0.03260 -0.46934 0.04256 0.89496 -0.01142 0.00068 0.00599 -0.03296 0.01212 -0.09056 -0.00002 0.05779 0.01522 -0.01227 
-0.08928 -0.64988 -0.17922 -0.45944 0.22441 0.98247 0.81485 0.00851 0.02127 -0.04569 -0.10633 -0.79090 -0.02083 0.05804 -0.03294 0.17003 -0.02437 0.79215 0.01109 0.06382 0.64401 1.61721 -0.01702 0.24256 -0.33012 -0.29969 0.02775 -0.12380 0.05029 -0.07043 -0.62535 0.10396 0.04409 -0.87259 0.31930 -0.32490 0.02358 -0.12394 0.08675 -0.53891 -0.02111 -0.00595 1.09197 -0.27735 -0.65367 -0.03883 -1.76395 0.10385 0.00403 -0.08521 -0.01987 -0.16596 -0.28716 0.95318 -0.01479 0.05448 0.00626 -0.04371 0.01331 0.09332 0.00369 0.00460 0.00909 -0.10282 
0.00507 -0.64274 0.12757 -0.03464 0.05200 0.25610 -0.08364 0.00321 0.00022 0.00721 -0.16538 0.00749 -0.03833 -0.06069 0.00264 0.02162 -0.05406 0.60530 0.00946 -0.01767 -2.29958 0.07336 -0.00468 0.48348 -0.97458 -0.25734 0.01483 -0.25651 0.04491 -0.13672 -0.42476 -0.83749 -0.01159 -1.69146 -0.02265 -0.64147 -0.00009 -0.01162 0.56412 -4.32557 -0.03525 0.04172 1.13569 -1.02358 1.27549 -0.00774 0.13502 -0.14484 0.00062 0.52439 0.06590 -0.73189 0.25454 0.59474 -0.00917 -0.03086 0.00271 -0.01839 -0.00303 0.10490 0.00640 -0.03421 0.00412 -0.14341 
0.08855 -0.08462 0.33064 -0.26905 -0.10410 -0.40652 -0.60912 -0.00024 -0.01112 0.04558 -1.31354 0.22538 -0.00115 -0.01232 0.02946 -0.10654 0.02972 -0.45100 0.00421 -0.06664 -2.93962 0.16722 -0.00419 -0.85421 -0.30052 -0.17075 -0.00016 0.04185 0.03248 -0.02271 -0.40384 0.60785 -0.10642 0.34071 -0.20110 -0.71185 -0.01353 0.09369 1.00655 -2.83962 0.00481 -0.03128 0.73477 -0.32749 0.30921 -0.03428 1.26968 -1.21301 -0.00009 -0.20887 0.13746 -0.58576 0.07238 0.16134 -0.00653 -0.03320 0.00219 0.03238 0.00378 -0.06243 0.00182 0.00961 0.00044 -0.10699 
0.00015 0.46244 0.13906 -0.65951 -0.06039 0.04604 0.07209 -0.00134 -0.00033 0.02750 -1.11006 -0.33913 0.03291 0.03802 0.02755 0.06893 0.02147 -1.45968 0.00345 0.02120 -0.77011 0.25249 -0.00507 -1.32559 -0.20055 0.24766 0.01580 0.20151 0.02009 0.07285 -0.87027 1.50466 -0.01460 -0.19176 0.50073 -0.35373 -0.00305 -0.04920 1.21404 3.19580 0.00467 -0.02545 0.62882 -0.10903 -0.80585 -0.00959 -0.09954 -1.46949 0.01215 -0.49948 0.13302 0.26372 -0.15583 -0.20625 0.00384 -0.01253 0.00870 0.03515 0.00849 -0.01790 0.00329 0.03268 0.00711 0.06323 
min err=0.01381
gbest=(0.00369, 0.00460)