-0.06949 5.12000 3.26865 4.89485 4.55871 -0.41023 -1.62343 1.93167 -0.95380 2.40926 0.00311 -0.39193 4.99684 0.05209 2.92037 -4.13392 4.60336 -2.09477 4.84203 -2.53016 0.42052 -0.52566 2.96044 5.12000 -5.12000 -5.12000 -1.63493 -0.28861 -3.09702 1.59935 -5.12000 2.69543 -5.12000 -0.50884 2.61673 3.95818 -1.99490 2.16556 -3.09717 4.25365 -3.01466 2.14857 5.12000 0.68610 -4.03363 0.87257 -0.56106 -2.89546 0.30252 3.34663 0.87171 -5.12000 0.98579 -2.20177 3.54688 -2.09682 5.12000 -4.35701 1.83753 -3.68904 -4.59127 1.78247 0.25385 5.12000 
1.12425 5.12000 0.97607 4.68748 -0.40377 -0.91493 -2.73317 1.58682 -0.05668 2.02875 -0.14753 2.47247 4.11327 0.14149 1.11259 -5.05133 5.12000 -1.18461 5.11181 -1.15519 1.10152 -3.29440 1.78295 4.17217 0.05213 -2.32731 -3.92445 3.91991 -3.07509 2.29575 -0.86734 2.54466 -3.02472 1.82761 -3.85942 3.62297 -0.47733 1.09731 -2.65199 2.79898 -5.09510 2.84641 0.11376 1.20214 -1.63727 -0.22059 -0.66317 -0.76424 1.56968 -2.55709 -0.49708 -3.98817 4.52997 -2.18943 2.84896 -1.99920 -0.43192 -0.60871 4.96938 -3.63084 3.73144 -3.24446 -1.89919 5.12000 
-0.22487 5.12000 -0.82495 -2.65092 -4.02538 -1.28327 -2.13001 2.24372 0.59804 1.75106 -0.14921 1.51779 -0.82142 0.08834 -0.45682 -5.12000 -1.01457 -2.37431 1.16291 -0.06843 2.97572 -4.49982 0.10801 -5.12000 3.82675 -0.28921 -0.18076 3.70142 -2.83588 2.54956 1.40063 2.38868 -1.49558 3.53275 1.79658 2.10919 -1.49880 0.94322 -0.02594 0.24998 0.30147 0.21910 -3.53980 1.57876 -1.60403 1.15824 -0.09591 0.46972 -1.08820 0.59520 0.45061 -2.43583 2.41887 -2.19406 1.20608 -2.13941 -2.77893 0.96860 4.18326 -3.62758 0.13587 5.12000 -3.08291 5.12000 
-1.26013 -4.00798 -1.59567 -5.12000 -3.27113 -1.52054 0.08989 2.47448 0.08558 2.01626 -0.01542 -0.42036 -4.42277 0.04955 -0.27155 0.05235 -1.89636 -3.15202 -1.71899 0.72468 1.49614 -0.55852 -1.17351 -2.55346 2.93136 0.79524 -0.04422 -3.21106 -2.72856 2.09315 2.12755 2.20485 2.40664 2.15621 3.90364 1.01323 -1.20612 1.51465 1.89055 -1.61029 2.67813 -1.29653 -0.44200 1.33303 -2.34557 1.89650 0.03976 -1.06070 -2.92119 1.18742 2.01009 -2.26777 -1.30921 -2.21540 0.85103 -2.12248 -1.07554 -1.20849 -4.43739 -2.93859 -2.48817 5.12000 -0.98521 5.12000 
-2.01566 -5.12000 -1.28184 -0.03398 1.71134 -1.08935 0.55695 2.23098 -0.44577 2.23499 0.06716 0.66541 -3.98386 0.04966 -0.35209 3.86519 0.30113 -1.26110 1.61027 -0.89809 0.09867 0.11034 1.77054 0.93175 2.27791 1.58667 -3.90325 -5.12000 -2.92563 1.67852 -4.67346 1.96162 -2.74322 0.72813 -1.38876 1.94287 -0.39769 1.15755 1.14182 -1.41576 0.82900 1.30314 2.11304 0.91208 -1.53821 -0.54756 0.13877 -2.17761 -3.42026 1.45373 2.79348 -2.05930 0.73688 -2.10517 -1.95691 -1.52593 0.16760 -2.79733 -4.65068 -0.82534 -2.39669 5.12000 0.44106 -4.54505 
-1.33986 -2.06573 -1.05280 3.67780 3.06143 -0.12141 -2.38984 1.97939 0.06379 2.20741 -0.03288 2.95583 0.10516 0.10974 -0.56058 2.09065 2.51375 0.64413 3.98975 -0.06820 -0.92120 0.59847 2.56546 2.72407 2.28940 0.90128 -3.42203 -0.27981 -3.03720 2.16506 -2.94900 1.87379 -2.70234 2.40729 -5.12000 2.95142 -0.98344 0.54077 -2.16654 -0.15572 -2.66173 4.30410 3.97770 0.60488 0.05006 -1.93793 0.14384 0.08462 -1.42656 1.11050 1.63374 -2.03562 2.56748 -2.11699 -2.29368 -0.95954 -0.64639 -2.18379 1.49199 -1.10955 2.21672 5.12000 -0.92999 -3.46913 
-0.81695 2.20111 1.02248 2.85050 4.04673 0.58499 -1.01977 2.20015 0.20841 2.05421 0.03196 0.75885 3.08933 0.15358 0.10151 -2.88211 1.75384 0.05477 1.60260 0.75213 0.02606 0.29958 2.95415 1.28861 2.24591 0.38251 -0.01107 2.94384 -2.78955 2.37088 -1.66153 1.93751 -3.13004 2.75057 4.48675 3.20437 -1.01305 1.37661 -2.68253 0.96759 -3.47940 -0.70403 2.38326 -2.54871 1.19670 -2.69708 -0.08187 -1.21013 -0.07669 0.16065 0.58560 -2.19677 2.78501 -2.18920 -0.63983 -1.74829 -2.13081 0.22549 3.22806 -1.43713 4.66189 2.91979 -2.06998 2.72131 
-0.33504 5.12000 5.12000 1.46306 -1.98087 1.72088 0.87361 2.26780 0.01986 1.91900 0.04866 -0.98333 0.08123 0.15606 0.20327 -1.68196 1.07857 -0.42801 -1.31181 0.88377 0.91129 -0.03384 -0.79198 -0.96177 1.21552 2.47762 2.47824 5.12000 -1.18167 2.65821 -4.02005 2.03018 -3.23873 1.40957 5.12000 2.38465 -1.17780 0.40888 1.42693 0.37824 0.12193 0.48819 0.73327 0.80920 -0.18158 -2.28341 -0.05376 -1.91516 1.07767 -2.15413 -0.06838 0.28046 0.78576 -2.20420 1.69352 -2.63116 -2.04272 1.20414 0.02839 -1.28786 -2.46768 1.40104 -2.75251 5.12000 
0.63643 1.31619 0.37761 -0.23358 -2.86740 2.52718 0.43682 1.94650 -0.11215 1.35562 0.06084 -2.25478 -2.10375 -1.35159 -0.28883 0.40552 1.02963 -0.18411 -1.32809 -0.26918 1.55733 -0.27717 -3.14847 -2.21150 2.49051 -1.08805 1.88502 0.68598 -0.11094 2.92770 -4.16764 2.08891 -2.93985 0.66710 -4.05324 1.41507 -1.02947 0.04004 3.26938 -0.33450 0.83014 4.03931 -0.86644 0.73228 -1.10705 -0.85875 0.18457 -1.15482 0.36100 -2.39977 -0.55115 2.02315 -0.56711 -2.15346 0.89211 -1.51754 -0.77031 -3.12504 -3.33528 -1.09939 -5.12000 0.15853 -0.42062 -0.71892 
-0.56065 -0.84707 0.74290 -1.22690 -0.29564 2.26525 -2.75614 1.85169 -0.01364 -1.83985 0.04846 -2.07271 -0.30583 -0.61543 -0.40079 1.22258 1.02655 0.16352 -0.19463 -0.51647 0.89130 -0.12459 1.79847 -2.41898 3.90842 -3.45436 -1.68610 1.30347 0.73838 3.12975 0.03310 2.70639 -2.80424 2.14838 -5.12000 -0.03610 -0.92122 -0.22914 -1.72206 -0.17087 -0.96717 4.19344 0.67337 -2.27314 0.52296 -0.99386 0.29176 -0.37667 -0.29832 -0.79477 -0.14067 2.42480 1.10482 -2.13497 -0.56339 -1.23968 -0.07430 -3.30434 -2.09715 -1.18229 0.50861 0.30624 -1.09844 -1.65891 
0.19352 2.98244 1.40816 1.05024 5.12000 0.17287 0.35739 2.39795 0.13155 0.79895 0.03975 0.10000 1.63670 0.08110 -0.07107 -0.16958 1.02429 0.41722 1.43527 0.22097 0.45248 0.13393 2.79869 0.85384 1.18654 -2.40063 -2.82045 5.12000 -0.05814 2.92077 -0.19506 2.58630 -3.14126 2.71585 4.30524 1.04533 -0.98923 -0.11946 -4.95009 0.25495 -0.23967 0.65282 2.49394 -2.22948 0.69295 -1.34525 0.12209 -0.76203 -0.46242 1.33875 0.33492 1.07950 2.32499 -2.12147 -0.27308 -2.09881 -0.47869 -0.66481 -1.08940 -1.26699 0.58857 4.79574 -1.39621 1.78716 
1.58732 5.12000 2.99980 1.42188 -5.12000 -0.93303 1.44459 2.19855 -0.05585 2.32045 0.04450 1.18000 0.32040 -0.50016 0.41007 -0.92053 1.02542 0.26883 1.91642 0.16261 0.98773 0.07057 -2.60390 -0.33580 -2.76509 1.94972 2.37968 3.46347 -0.62882 2.78860 -1.19763 1.94973 -3.26600 1.81372 5.12000 2.08020 -1.10225 0.27888 1.74288 0.55652 0.45194 -1.39804 2.34753 0.47995 -0.47175 -1.59897 -0.11860 -1.10086 0.19227 1.42061 -0.07327 -1.05183 1.38219 -2.14803 0.53241 -1.92613 -1.64691 0.83570 -0.44908 -1.21789 -3.16959 3.57557 -0.28758 3.12797 
2.00562 1.41974 1.41008 1.94635 -0.02884 2.82956 -1.76024 1.91642 -0.11218 0.87442 0.05841 -0.81129 -0.96216 -1.18040 0.19732 -0.09299 1.02855 0.13937 0.84189 -0.23180 1.37836 0.02434 -2.46067 -1.03387 -3.72294 3.13926 2.63267 1.25508 -0.28323 3.05260 -1.92228 2.63882 -3.24366 1.31594 -1.12875 0.17864 -1.04691 0.25059 4.76807 0.36148 -0.09044 3.27389 1.49701 -0.08350 -0.60484 -1.97987 0.06723 -1.27174 0.24039 -0.32690 -0.37117 -2.60727 0.10951 -1.56933 -0.65756 -1.46916 -1.25213 0.23907 -1.29475 -1.16996 -2.65354 2.36647 0.21561 0.76227 
-1.52204 0.21697 1.79098 0.32478 5.12000 4.63403 -3.28714 1.88209 -0.05230 0.02384 0.05406 -2.51821 0.11001 0.14387 -0.20726 0.71133 1.03083 0.04489 0.51752 -0.17319 0.64464 0.02162 -1.56252 -0.51906 5.12000 0.39659 0.44583 1.95718 0.45911 3.09007 -1.65104 2.93768 -2.53488 -0.02620 -5.12000 -1.21884 -0.99634 -0.09474 -5.12000 -0.29528 -2.52655 2.60404 0.27092 -1.92135 0.29060 -1.02233 0.17277 -0.93754 0.06377 -1.66336 -0.01911 -2.20137 -0.07565 -1.16348 -0.88135 -1.52423 -0.72703 -1.42239 -2.20864 -1.17501 -1.07802 3.59937 0.55509 2.19981 
-1.17334 3.56911 2.12438 0.72687 -3.12642 0.16526 1.04065 0.05472 -0.00859 -0.59691 0.01305 -1.20990 0.82372 0.64183 1.05522 0.10390 1.03250 -0.02406 1.42003 0.11454 0.24329 0.10463 0.18087 0.25150 2.87666 -2.42593 -1.56425 4.67378 0.44371 2.98070 -0.35343 2.41369 -2.09796 0.66816 3.36502 0.75817 -1.02240 -0.07625 4.65038 0.28586 1.12677 0.14619 1.29899 -2.39763 0.39945 -0.46248 -0.13054 -0.83515 -0.13743 -0.28744 0.11834 -1.52585 -0.20974 -0.83730 0.06344 -1.41287 -0.93569 -2.26492 -2.64191 -1.19763 -0.45242 2.53402 0.17148 1.92389 
0.54897 4.62901 0.85469 0.38513 -0.63881 -3.50165 4.10749 -1.30830 -0.05770 -0.19870 -0.03397 1.07696 0.04838 -0.38208 1.96353 -0.45185 1.03372 -0.07438 1.49932 0.20342 1.52932 0.11475 1.57840 -0.98129 -2.09581 -1.87457 -2.21166 3.77949 -0.15482 2.79123 0.39758 2.10667 -0.97345 1.49728 4.10651 0.71492 -1.04934 0.18409 5.12000 0.58518 3.79296 -1.64754 1.53451 -2.42331 -0.12716 -2.18199 -0.24814 -1.20215 -0.08799 0.95264 -0.04391 -0.07187 -0.16751 -1.10226 0.87517 -1.71499 -1.30081 -1.43035 -2.01989 -1.21545 1.14885 4.17732 -0.10847 1.72252 
1.15105 3.94131 2.31251 0.32576 5.12000 0.62623 2.13120 0.44892 -0.08110 0.35217 -0.06240 0.61405 -0.50931 -0.85332 1.16276 -0.40091 1.03273 -0.01950 1.07880 -0.22408 1.61243 0.08695 1.82253 -1.14309 -4.95464 -1.22503 1.21424 2.04593 -0.47109 2.82297 0.01311 2.61697 -0.72756 1.82491 -5.12000 -0.62877 -1.04907 0.18953 -5.12000 0.46490 2.90448 0.86970 0.90850 0.36625 -0.03133 -3.22401 -0.09105 -1.43399 0.01399 0.45476 -0.16232 0.98925 0.04974 -0.66443 1.42395 -1.75793 -1.09978 -0.34245 -0.39182 -1.18809 2.31523 2.65721 0.28137 1.95253 
-0.05376 1.33118 3.14574 0.92387 -1.69397 2.54572 -0.14789 0.88776 -0.05347 -0.13485 -0.05903 -1.06284 -0.41673 -0.29642 0.34699 0.13698 1.03200 0.02055 0.83479 -0.44187 0.72022 0.03286 1.16068 -0.78411 -1.41863 -1.15270 1.06806 1.91736 -0.25278 2.92493 -1.71440 2.77603 -2.34419 1.52005 -2.13671 -1.25838 -1.02310 -0.08563 1.04270 0.11288 -2.06571 1.75092 0.16150 0.35949 0.20784 -0.13357 0.16548 -0.79592 -0.00344 0.43133 -0.08798 0.60915 0.04827 -0.35644 -0.84589 -1.87197 -0.91359 -1.26706 -1.73365 -1.19109 1.82791 2.51794 0.34342 2.10616 
-0.44760 0.29310 3.08927 2.95540 3.25917 3.00732 -0.49604 0.63489 -0.03229 -0.11165 0.01824 -1.39125 0.08209 -0.43506 1.04216 0.48817 1.03147 0.04978 1.07327 -0.13178 0.53042 0.05695 0.43512 -0.51704 2.98514 -1.79670 0.96138 1.82354 -0.02928 2.00901 -1.30487 2.93287 -4.27299 -0.09477 2.29829 -1.12717 -1.01576 -0.06317 4.00715 -0.21821 -0.99739 0.21747 1.27143 0.89529 0.18729 0.54025 0.12057 -0.81691 -0.04882 0.39392 0.04177 -0.84250 -0.12531 -0.23547 -2.01334 -1.63214 -1.01150 -1.92764 -2.49223 -1.20642 -0.97309 2.31468 0.13874 1.96080 
0.02078 1.87016 0.74112 2.30679 4.73211 -1.99240 0.10284 -0.16844 -0.04694 0.25602 0.00672 -0.04179 0.44128 -1.11703 1.56061 0.08367 1.03185 0.01354 1.23949 0.20193 1.28062 0.10239 -0.12223 -0.63717 1.76415 2.55924 -0.02186 1.98537 0.13382 1.34057 0.28217 1.47908 -3.22789 0.36916 -4.17658 1.65500 -1.02128 -0.00533 3.03277 0.03565 1.93969 -1.04381 1.67102 1.19765 -0.20086 -3.16874 -0.08571 -1.42057 -0.09788 0.87703 0.00800 -1.29217 -0.18790 -1.25128 -1.45674 -1.90104 -1.08295 -2.40972 -2.64006 -1.21249 -1.69650 1.85569 -0.01064 1.85471 
0.36260 3.02110 -1.33379 1.78518 1.60111 -4.03180 0.75652 -0.39633 0.00707 0.23835 -0.00168 0.94306 0.46470 -0.38151 0.80346 -0.22830 1.03212 -0.01291 1.20851 0.07435 1.25756 0.05495 -0.14077 -0.14916 -3.25551 5.12000 -0.73942 2.10347 -0.03261 1.88993 0.96573 1.48283 -1.03735 2.62032 -5.12000 1.62464 -1.02530 0.03687 -3.69474 0.23145 3.23367 -1.63129 1.45383 -0.92405 -0.07654 -2.89814 -0.11018 -1.48818 -0.09705 1.22645 -0.08054 0.11430 -0.14944 -0.67613 -0.55638 -2.07742 -1.06896 -1.99320 -0.79186 -1.26865 -0.29858 2.10259 -0.07710 1.78047 
0.37323 1.90807 -2.44845 1.95058 -1.21528 0.06880 1.15446 0.14291 0.04028 -0.27778 -0.00060 -0.00395 -0.02651 0.56757 0.78211 0.27333 1.03182 0.03648 1.13445 -0.33727 0.83470 0.06008 1.20204 0.50871 -1.73080 -4.99295 0.49549 2.02504 -0.13760 2.56914 0.78301 1.89985 0.35737 0.65264 0.07479 -2.27702 -1.02552 -0.01000 -1.37376 0.19841 3.36486 0.31691 0.51549 -1.66024 0.14361 -0.65964 -0.06356 -1.17847 -0.02718 0.04267 -0.09308 0.99871 -0.02823 -0.52450 -0.21832 -1.80679 -0.96561 -1.55975 0.17205 -1.76900 0.74661 2.14378 0.03492 1.84650 
-0.36124 1.01963 1.95871 2.59360 -2.34938 3.04695 0.95207 0.32302 -0.03689 -0.14621 0.00020 -0.69508 -0.28522 0.57595 1.35797 0.20371 1.03163 0.04395 1.04395 -0.18913 0.81320 0.07925 1.07563 0.47044 0.19665 -5.12000 0.47212 1.88104 0.03048 2.57089 -3.12190 2.26771 -2.13780 -0.18387 2.08313 -1.90254 -1.02091 -0.03515 1.30019 -0.13031 0.04244 0.24945 -0.39371 -1.91487 0.24163 -0.43826 0.15201 -0.01344 0.02382 -0.82126 0.04835 -0.31116 0.04630 -0.62294 -0.88475 -1.69372 -0.96560 -1.73970 0.46939 -1.93658 1.50072 1.86200 0.10945 1.90547 
-0.39501 1.26483 2.44617 2.67334 -0.12427 4.15362 0.46121 0.35669 -0.08185 0.34030 -0.00095 0.64048 0.19073 -0.63455 1.30442 -0.00544 1.03184 0.00485 1.00408 0.03037 1.02995 0.07854 -0.73560 -0.38708 -1.99079 -2.01708 -0.46267 1.89811 0.07743 1.47169 -2.77176 2.36997 -3.32535 -0.43265 -1.49973 3.59628 -1.01777 -0.01413 0.16005 -0.19193 -1.74250 -1.02218 0.86095 -1.68282 -0.01401 -2.19570 0.10352 -0.60081 0.00247 0.41488 -0.03628 -0.67233 -0.11913 -0.81551 -1.54527 -1.92035 -1.06911 -1.98469 -4.14950 -1.70810 0.66140 2.02735 -0.05140 1.93387 
-0.02398 3.15803 -2.71975 2.43780 1.73728 -3.01687 0.69970 0.02308 -0.05072 0.46953 -0.00147 0.19413 0.35756 0.14256 1.19813 -0.15052 1.01600 0.00759 0.97498 0.19057 1.15631 0.05512 -0.43486 -0.17297 -3.56876 3.53449 -0.40400 2.03960 -0.15333 1.74912 3.67773 1.64213 -2.71169 -0.19082 -3.86013 1.33901 -1.01548 0.00121 -1.65909 -0.06267 3.03581 -1.40085 2.05398 -0.64996 -0.15063 -2.83397 -0.20092 -0.54129 -0.08010 0.39615 -0.09296 -0.05598 -0.09961 -0.77737 -1.46156 -2.07418 -1.04519 -2.12751 -3.29179 -1.32212 -0.33677 2.14773 -0.16879 1.95460 
0.25397 2.15665 -0.46831 1.80614 -0.21663 -4.66531 0.93797 -0.19616 0.03059 -0.24010 -0.00011 -0.39043 -0.05398 0.64401 0.76694 0.00715 1.00444 0.00959 1.00967 -0.16833 0.83765 0.02983 0.38808 0.26139 0.52157 -1.11450 0.31527 2.04773 0.00303 2.12163 -0.82563 1.36694 0.50178 0.36934 -0.30099 -2.85573 -1.01380 0.01240 -2.10967 0.22182 5.12000 0.36628 2.31032 0.47736 -0.04251 -0.25164 0.03609 -0.86621 -0.05294 -0.09195 -0.01681 0.40747 -0.02191 -0.53649 -0.88015 -1.80948 -0.98327 -2.06819 -0.22206 -0.84221 0.09713 2.14934 -0.02096 1.93942 
0.13553 1.17042 1.60005 1.67621 -0.89480 2.98210 -0.11732 -0.01602 0.01482 -0.24101 0.00016 -0.19741 -0.18321 0.30610 0.87999 0.22385 0.99601 0.01105 1.02141 -0.14037 0.74023 0.06777 0.80895 0.11694 -0.15552 -1.84745 -0.04999 2.01366 0.09136 2.35779 -4.14532 2.81171 1.01455 0.29291 0.98022 0.43990 -1.01726 -0.00746 -2.35233 0.24274 0.14815 1.54776 1.11059 0.20711 0.20371 0.24932 0.20330 -0.10659 -0.01798 -0.29338 0.00310 0.34702 0.00023 -0.60719 -0.56350 -1.71398 -1.00294 -1.94615 0.16408 -1.42918 0.27452 1.97179 0.08693 1.92835 
-0.15210 2.12910 2.21783 2.98311 -0.92816 5.12000 0.34626 0.18277 -0.01478 0.38676 -0.00071 0.27990 -0.16558 -0.34601 1.32991 0.20258 0.98985 0.01211 0.98610 0.22403 0.74428 0.05985 0.40419 -0.19171 -1.30064 1.28056 -0.26553 1.95277 -0.11613 1.94534 -5.12000 2.05504 -0.36792 0.23128 -1.90350 2.67078 -1.01619 -0.00560 0.70727 0.03451 -0.48907 0.46556 0.50666 -1.04850 0.32441 -1.55229 -0.04191 -0.71174 0.00451 -0.00721 -0.05776 -0.25376 -0.03391 -0.91391 -0.61789 -2.03462 -1.01731 -1.85708 -1.69297 -1.79310 0.13476 2.02936 -0.00201 1.93394 
-0.20157 2.67050 -0.10924 3.12058 0.50811 -5.12000 0.93053 0.12384 -0.07175 0.45655 -0.00126 0.10187 0.13002 -0.20058 1.07606 -0.07463 0.99663 0.01092 0.99386 0.16964 0.90266 0.03359 -0.35068 -0.37160 -1.25655 -0.54692 -0.10607 1.93434 -0.11791 1.69385 2.44432 1.33557 -0.81343 0.14831 -2.74582 -1.04689 -1.01392 0.00935 0.70821 -0.12712 1.93852 -2.30943 -0.44404 -2.04104 -0.15530 -2.57555 -0.10802 -0.46699 0.02092 0.20163 -0.07450 -0.27423 -0.05915 -0.00463 -0.62098 -1.67992 -1.00645 -1.99343 -2.56366 -1.99639 -0.05729 2.03914 -0.07837 1.94545 
0.08123 1.61427 -1.14206 2.46059 0.16624 5.12000 0.06042 -0.02988 -0.05276 -0.13721 -0.00061 -0.24915 0.31896 0.45039 0.80219 -0.18923 1.00158 0.01004 1.00326 -0.09016 1.17585 0.04104 0.16118 0.10610 -1.59700 -0.42227 0.14624 2.04065 0.05443 1.89020 4.53704 1.94216 -1.49127 0.12470 0.96925 -1.29699 -1.01425 0.01431 -1.27417 0.07106 3.37196 -0.36651 0.35413 -2.56682 -0.06125 -1.37198 -0.13542 -0.05470 -0.01288 0.01423 -0.06926 0.13348 -0.07757 0.65896 0.13556 0.29563 -0.99853 -2.09294 -1.48424 -1.66459 -0.19515 1.98977 -0.02808 1.93989 
0.15283 0.98724 -1.36231 1.20469 -1.74493 -2.66984 -0.67827 -0.08373 0.01736 -0.31956 -0.00012 -0.23853 0.01036 0.67936 1.04000 0.18144 0.99923 0.01107 1.00278 -0.04861 1.09077 0.04524 1.36489 0.45240 0.12335 -0.14849 0.03219 2.03129 0.08368 2.17286 0.89967 2.48498 -1.89332 0.15604 1.31048 0.16235 -1.01554 -0.00782 0.68655 0.24149 1.73796 1.14051 0.84566 2.52299 0.07968 -0.53810 0.22197 0.22566 -0.02794 -0.16770 0.05479 0.11971 -0.08724 0.29105 -0.04717 0.88036 -1.00788 -2.07910 -0.57781 -1.46620 -0.16622 1.90586 0.01793 1.93454 
-0.04193 1.64902 2.39625 1.16937 -1.47920 -5.12000 -0.46553 -0.00817 0.03009 -0.05298 -0.00077 -0.11649 -0.13963 0.07220 1.21109 0.05181 0.99203 0.01177 0.99818 0.02038 0.85263 0.05233 1.45557 0.30860 1.22589 3.21920 -0.17501 1.95060 -0.15342 1.98865 -4.26905 1.89472 -1.57150 0.18425 -3.66226 1.08039 -1.01635 -0.00500 0.39144 -0.07688 -0.02264 -1.58529 0.49127 5.12000 0.12132 -2.23093 0.18813 -0.95758 -0.00070 0.01767 0.03728 -0.24451 -0.05170 -0.35778 -0.19511 0.54360 -0.47646 0.64686 -1.18748 -1.81987 0.13069 1.94615 0.01278 1.93718 
0.09637 1.61509 1.52005 2.52617 0.98256 5.12000 0.35658 0.07281 -0.04269 0.28024 -0.00075 0.02059 0.17665 -0.39903 0.94765 -0.22777 0.98920 0.01036 0.99346 0.06384 0.95700 0.03921 0.62259 -0.38799 -0.43835 2.25575 0.00948 1.98187 -0.05027 1.87396 -1.64500 1.56215 -1.43764 0.18979 -5.12000 1.24108 -1.01545 0.00966 -0.76157 -0.28518 2.21523 -0.52186 -0.22198 0.39367 -0.00339 -2.79352 -0.18779 -0.43463 0.02669 0.09964 -0.07278 0.00160 -0.04577 -0.10754 0.09303 0.38131 -0.54031 0.79148 -2.49542 -2.06997 0.06269 2.05882 0.00902 1.93911 
0.16096 1.27933 0.60836 2.15147 1.39490 -5.12000 0.04431 0.10683 -0.09961 0.15312 -0.00033 0.05822 0.17385 -0.44895 0.83531 -0.03796 0.99241 0.01000 0.99657 0.00983 1.05880 0.02692 0.25884 -0.31362 -0.87616 -0.21641 0.14412 2.00469 0.08012 1.93161 0.94622 2.28926 -1.97072 0.17293 2.22988 -1.83403 -1.01482 -0.00195 -0.99923 0.25029 3.13560 0.77812 2.62438 -4.15016 -0.01915 -0.83356 -0.03102 -0.04720 0.02211 -0.05218 -0.04532 0.17920 -0.06791 0.22634 -0.05360 0.34330 -0.33410 -0.91598 -1.69758 -2.01842 -0.13334 1.97894 0.00628 1.94051 
0.17593 1.22361 0.03459 1.25248 1.00800 5.03045 -0.26347 -0.10190 -0.08069 -0.05327 -0.00054 0.02399 0.08607 0.80377 1.18013 0.10236 0.99783 0.00969 0.99883 -0.02959 1.03642 0.01911 0.14268 0.32607 0.29545 -0.06384 0.15031 1.97597 0.08408 2.04341 -0.40968 2.29245 -2.35976 0.16063 2.91361 -1.48303 -1.01437 -0.01043 1.38149 0.23089 2.36341 0.78247 2.68522 -1.83993 0.01747 -0.09544 0.08434 0.23867 -0.00656 -0.12306 0.01250 0.01933 -0.06518 0.02379 -0.16155 0.56409 -0.75558 -1.36035 -0.45636 -1.19061 -0.07403 1.87944 0.00428 1.94154 
0.18183 1.49690 -0.34049 0.42820 -0.81766 5.12000 0.07809 -0.12009 0.02997 -0.10413 -0.00076 -0.05405 0.01048 0.86735 1.10949 0.19484 1.00023 0.00957 0.99902 -0.04478 0.96620 0.01246 0.55758 0.61380 1.09561 0.89343 0.11172 1.95902 -0.04079 2.02081 -2.06993 1.93233 -2.05383 0.16851 -0.83774 0.34583 -1.01506 -0.01264 2.82201 0.07715 -0.10483 -1.91732 -1.77863 2.73346 0.04182 0.45173 -0.02531 -0.00406 -0.00311 0.14314 0.04345 -0.09846 0.04647 -0.13236 -0.17173 0.74705 -1.06107 -0.59556 -1.42528 -1.39423 -0.00457 1.96295 0.00282 1.94228 
0.07490 1.58589 -0.01060 1.53530 -1.75662 0.02435 0.23114 -0.06385 -0.01354 0.04222 -0.00048 -0.06517 -0.05928 0.81902 0.87950 -0.07947 1.00010 0.00970 0.99773 0.04300 0.93684 0.00699 0.90844 -0.06983 0.41561 2.87693 -0.05591 1.96677 -0.11625 1.98176 -3.01593 1.74389 -1.70857 0.18291 -3.87179 1.20818 -1.01505 0.01204 1.05088 -0.04409 0.37784 -2.21897 -2.22831 3.86203 0.02128 0.20969 -0.06510 -0.18438 0.01211 0.19332 0.04145 0.00447 0.06423 0.04921 0.02174 -0.17218 -0.81528 -1.12882 -0.78338 3.29195 0.04611 2.02389 -0.00068 1.95966 
0.04727 1.31600 0.25968 1.51077 -0.79412 -3.75232 -0.02231 0.16665 -0.03897 0.11987 -0.00035 -0.00152 0.01071 0.26622 1.01424 -0.14888 0.99737 0.00989 0.99507 0.04345 1.00562 0.00824 1.18434 -0.48246 0.86905 0.38869 -0.08805 1.99111 -0.06364 1.98988 -3.55979 1.90534 -1.73657 0.17912 1.18147 -0.83793 -1.01450 0.01321 -2.41648 -0.11973 3.14619 0.74302 3.50978 -0.27837 -0.04128 -0.65071 0.00606 0.02119 0.00351 0.04812 0.02707 0.09343 -0.00239 0.10062 -0.01121 0.08101 0.01416 -0.89714 -0.02348 3.92494 -0.00564 2.01294 -0.00833 1.97545 
0.02869 1.18307 0.36787 1.20809 0.65801 -0.12540 -0.14214 0.14117 0.02512 0.07171 -0.00025 0.04493 0.05872 0.33652 1.18256 -0.04588 0.99452 0.00966 0.99438 0.01668 1.05400 0.01150 0.79667 0.28601 1.45329 -1.58629 -0.02702 2.00525 0.05142 2.00568 1.02005 2.04430 -2.12675 0.17206 2.60911 -1.02397 -1.01446 -0.01740 -0.07102 -0.06938 1.43650 1.02208 2.19784 -1.89917 -0.03669 0.10743 0.05683 0.13019 -0.00102 -0.16748 0.01056 0.03560 -0.04161 0.08544 -0.04348 0.25586 0.59156 -0.26803 -0.56786 -1.38157 -0.04525 2.00172 -0.01392 1.98697 
0.01468 1.76377 -0.24085 1.01126 -1.24849 2.68466 0.08480 0.06818 0.02900 0.01741 -0.00036 0.00982 0.03371 1.00564 1.19670 0.08111 0.99244 0.00948 0.99684 -0.01406 0.98121 0.00977 0.80051 0.05943 0.94607 0.39291 0.08452 1.98101 0.06276 2.01153 2.81802 2.09881 -1.75078 2.05718 -1.97634 1.10747 -1.01481 -0.01694 0.36616 -0.00554 -0.35400 -0.13931 0.57623 -0.62483 0.06559 0.54346 0.00785 0.00673 -0.00207 0.00832 -0.00554 -0.05573 -0.05324 0.06649 -0.04768 -0.02807 0.00649 -0.02622 -2.36935 -4.60763 -0.00099 1.99163 -0.01799 1.99538 
0.10646 2.13378 -0.30293 0.86234 -1.11143 -1.15785 0.18003 -0.17473 0.02294 -0.02714 -0.00042 -0.03647 0.01040 1.23303 1.15061 -0.13883 0.99469 0.00972 0.99810 -0.00144 0.94554 0.00658 0.92759 -0.16116 0.65239 1.69201 0.03018 1.96474 0.00304 1.97843 1.50052 2.07891 -1.77523 2.17892 -3.91880 1.48090 -1.01510 0.01021 -1.36318 0.04244 -1.04486 -1.15905 -0.36203 3.03542 0.11787 -0.06349 -0.03257 -0.08450 0.00584 0.12746 0.00189 -0.10643 0.02551 -0.04617 -0.03445 -0.23312 -0.42050 0.15024 -2.33447 -2.05834 0.03131 1.98426 -0.01685 1.99819 
0.19686 1.49435 -0.13043 0.93606 -0.59094 -3.68554 0.10257 -0.26005 0.01448 0.00392 -0.00034 -0.03639 0.00142 0.58257 0.85667 -0.09067 1.00019 -0.00151 0.99902 0.00778 0.96842 0.00369 1.06742 0.03648 0.94087 1.28501 -0.03894 1.96899 -0.04053 1.95428 -1.41837 2.00389 1.09026 1.13046 -1.10462 0.75193 -1.01465 0.01894 -0.92687 -0.10571 2.94175 -1.63458 -0.32669 -0.62473 0.08813 -0.42674 -0.02591 -0.02213 0.00994 0.02619 0.01970 0.06492 0.06793 -0.05308 -0.02765 -0.02082 -0.02021 0.07075 -0.34786 2.82902 0.02884 1.98779 0.00327 1.98490 
0.17136 1.12146 -0.00453 0.98985 -0.27765 -3.27664 0.02204 -0.19094 -0.00475 0.02487 -0.00030 0.03546 0.02158 -0.00708 0.91978 0.01557 1.00137 -0.00963 0.99898 -0.00338 1.02604 0.00261 1.16822 0.17715 1.42727 0.21140 0.01365 1.98511 -0.03696 1.98629 0.42185 1.96881 3.12640 0.74939 0.72914 0.21937 -1.01463 -0.00035 0.43240 -0.18256 2.13329 -0.14831 1.10524 -1.52523 0.00113 0.05635 0.00900 0.02617 0.00484 -0.12774 0.02598 0.16432 0.02618 -0.00434 -0.02225 0.13223 0.28476 -0.07430 0.46608 -3.14659 -0.01261 1.99819 0.01520 1.98059 
0.03829 0.64208 0.08734 1.02912 0.07914 -0.31425 0.00509 0.04405 0.00328 0.00532 -0.00032 0.06039 0.02977 -0.43673 0.83164 0.06029 1.00172 -0.00667 0.99745 -0.00894 1.01236 -0.00287 1.11540 -0.07049 0.95788 -0.09253 0.04259 1.99231 0.02891 1.99674 1.73014 1.98182 0.19376 0.89950 -2.51904 0.26788 -1.01462 -0.01443 0.02806 0.02171 -0.60418 0.94848 2.56210 -0.29465 -0.05724 0.37650 0.03134 0.02556 0.00053 -0.06147 0.00170 -0.15360 -0.01496 0.03642 0.03995 -0.13173 0.17527 -0.09335 0.23887 -4.38435 -0.01629 1.99689 -0.00097 1.99253 
0.04427 0.67460 0.02369 0.99787 -0.95687 1.54847 -0.00852 0.16368 0.00789 -0.01700 -0.00037 -0.02371 0.00885 0.04307 -0.32820 -0.02710 0.99814 0.00384 0.99711 0.00077 0.98826 0.00299 0.89601 -0.15037 0.64727 -0.23562 0.89499 -0.24185 0.04666 1.97399 0.48315 2.06545 -0.46420 1.88123 -3.39557 0.33131 0.25496 0.02829 -0.26702 0.17078 -1.05302 -1.76940 -0.62535 1.88141 0.00202 0.16649 -0.01881 -0.00369 0.00491 0.04329 -0.00432 -0.32678 0.04409 0.01517 0.04218 -0.12769 -0.00219 0.01358 -0.63044 -0.47304 0.01085 1.99568 -0.01280 2.00025 
0.14501 1.00270 -0.06227 0.96593 -0.76160 2.65027 0.00822 -0.01514 0.00831 -0.02346 -0.00039 -0.04220 -0.00349 0.33084 -0.79143 -0.03400 0.99465 0.00914 0.99686 0.00786 0.97760 0.00625 0.83520 -0.15500 0.97073 -0.20131 0.84123 -1.68558 -0.04260 1.96403 -0.58720 2.10133 -0.09777 1.74825 -2.04870 0.42865 0.12760 0.02391 -0.07394 0.23280 1.27594 -2.15795 1.13681 2.04246 0.04750 -0.24752 -0.03331 -0.02764 0.00747 0.02090 0.00457 -0.30848 0.04005 -0.00415 -0.05291 -0.01574 -0.13170 0.09163 -0.98396 2.50173 0.01197 1.99277 0.00150 1.99569 
0.01606 1.23988 0.01003 0.96649 -0.66368 1.98974 0.01526 -0.13955 0.00294 -0.00918 -0.00032 0.01447 0.01373 0.08416 1.47573 0.00236 0.99797 0.00579 0.99692 0.00748 0.99879 0.00464 1.18686 0.05344 1.20722 0.07591 0.40499 0.67740 -0.02244 1.96460 0.06647 1.96179 1.77390 1.13218 -0.04493 0.39097 -1.70609 -0.01160 0.22213 0.02129 1.82556 -0.63554 2.64445 0.93308 0.03000 0.05644 0.04194 -0.00488 0.00297 -0.05535 0.01606 0.05652 -0.00548 -0.00263 -0.07331 0.09914 0.02127 0.06221 -0.78664 -1.97755 0.00059 1.98995 0.00959 1.99027 
0.00273 1.23908 0.03714 0.99581 -1.00357 -2.39531 0.00508 0.06272 -0.00403 0.00994 -0.00031 0.03713 0.01073 -0.20793 1.64751 0.03053 0.99991 0.00224 0.99739 0.00050 1.01336 -0.00178 1.10184 0.15408 1.06185 0.18167 -0.05126 2.99900 0.01802 1.98147 0.45561 1.88259 2.19926 0.95051 -2.30627 0.01440 -0.34549 -0.00836 0.32725 -0.13291 2.29892 1.23111 2.60540 -0.99895 -0.04196 0.25117 0.01238 0.01533 0.00250 0.00693 -0.00689 0.18769 -0.03871 -0.00151 -0.01389 -0.08270 0.08845 0.00673 -0.20858 -2.88595 -0.00771 1.98788 -0.00797 1.98646 
0.02725 1.02383 0.04928 1.00530 -0.19460 -3.39806 -0.00048 0.17890 0.00346 0.01605 -0.00037 0.03798 0.00220 -0.03942 -0.24384 0.00291 0.99615 -0.00014 0.99742 -0.00422 1.00328 0.00530 1.00777 -0.02894 0.92453 0.21065 0.13918 2.62500 0.03212 1.98975 0.33173 1.98432 1.53139 2.31596 -3.62739 0.35349 0.73451 0.03882 0.24050 -0.09907 0.13754 -1.94851 1.48600 0.31753 -0.00808 0.09848 -0.02297 0.00689 0.00216 0.05239 -0.01185 0.11916 0.02111 -0.00273 0.01953 -0.09335 0.03658 -0.02391 -0.30521 0.75441 0.00632 1.99021 -0.01315 1.98569 
-0.00145 0.82467 -0.00157 1.00551 -0.27899 0.70156 0.00758 0.21115 0.00453 0.00555 -0.00037 -0.00373 0.01169 0.12734 -1.39113 -0.01999 0.99341 -0.00188 0.99657 0.00215 0.98932 0.00549 0.93365 -0.13703 0.90973 -0.31093 0.45937 -0.29180 0.03660 1.97488 -0.36161 2.04188 -1.11434 1.45409 -3.12635 1.23486 0.20712 0.01006 0.07877 0.11296 0.37529 -1.62540 1.16347 1.58235 0.03635 -0.18155 0.00000 0.00056 0.00263 0.03605 0.01190 -0.12407 0.02781 -0.00358 -0.04949 -0.04934 -0.09134 -0.00082 -0.31088 -0.98730 0.00183 1.99144 0.02694 0.97764 
min err=0.00012
gbest=(0.00000, 0.00056)