-23.70502 30.00000 4.65345 30.00000 26.71117 -2.40367 -9.51231 11.31840 -5.58868 14.11674 0.01825 -2.29649 17.21545 -24.52126 17.11153 -24.22218 11.89277 -19.03981 10.93797 2.24765 -5.59696 19.31393 17.34634 30.00000 -30.00000 -30.00000 1.82012 -23.57799 -17.58903 9.30333 -30.00000 15.79351 5.24623 2.54665 15.33242 23.19247 -11.68890 12.68885 -18.14751 24.92373 -17.66403 12.58929 30.00000 4.02009 -23.63454 5.11273 -3.28743 -16.96559 1.77258 19.60915 7.99032 -3.83289 4.39654 -22.58144 15.61892 -17.97911 16.49600 -30.00000 10.76679 -21.61548 25.52901 -28.62340 1.48741 30.00000 
-10.20317 22.89456 -2.29978 30.00000 8.76088 -0.04489 -4.81385 2.06272 -0.33209 11.88723 -0.86446 14.48712 8.18982 -10.97334 6.51911 -29.59762 12.17886 -18.48813 4.28471 19.81578 -3.27698 16.81708 9.00049 24.33844 0.30543 -13.63660 -1.79125 -19.07250 -11.02934 -22.64324 16.45515 1.48004 26.87436 15.48683 -0.42150 13.43057 -0.32746 6.15915 -11.45415 16.10670 -21.02543 8.04332 21.27479 0.39859 -6.61628 7.45572 -3.88577 -4.47798 9.19737 -14.98294 -1.66323 21.52139 24.15644 -29.57400 10.82078 -24.10551 5.68509 -8.12526 29.11746 -21.27446 -15.84650 30.00000 -9.51364 30.00000 
10.19987 28.39301 -1.08948 30.00000 -8.02198 28.80009 -0.86339 -1.80547 1.24796 -14.14954 -0.82137 1.04513 -6.92594 0.83984 -2.67670 -30.00000 -3.11749 30.00000 -0.57084 30.00000 3.99766 15.67236 -2.90413 8.62747 22.42234 -1.69460 -3.84957 -13.89975 5.13097 -30.00000 30.00000 -8.86517 8.79802 9.80259 -11.82568 -1.13095 7.96412 1.39378 4.62999 -6.93494 16.24816 7.77279 -1.43110 8.16098 8.31186 0.60839 -0.56196 2.75228 -6.37615 3.48748 -8.15145 30.00000 6.24263 -8.24473 4.19460 -11.89541 -2.20472 7.83892 24.51473 -4.18396 -22.11412 30.00000 -6.73528 30.00000 
15.46131 30.00000 8.29028 30.00000 -19.07933 30.00000 2.01965 -4.62848 -4.52371 -6.18040 -0.78992 -8.76484 -13.69685 9.65569 -9.65505 29.34127 -5.34558 27.45167 3.65998 24.54086 9.30670 14.83695 -4.28676 3.63602 14.68821 6.07775 -1.35107 -14.18376 12.98858 -16.03264 24.51879 5.58059 -15.73103 -2.95979 -7.52795 2.21830 2.66025 8.30954 11.88191 -6.21277 18.26558 7.58332 -18.00186 13.82596 0.84209 6.67452 1.86375 8.02893 -15.01282 23.59452 2.72658 13.17045 -11.53213 30.00000 -9.92235 10.19220 -7.96269 19.48958 -13.60921 -2.96819 -2.49041 30.00000 -4.70762 30.00000 
-16.72805 22.46105 11.98510 30.00000 -1.20692 13.94311 0.97229 -2.64932 -6.68773 19.30275 -0.81941 -3.44738 -9.70348 9.68738 -7.46865 30.00000 -6.97164 25.59190 7.78114 1.69491 8.60125 15.96123 1.45259 9.66322 -15.44674 -4.25695 2.77090 -14.11374 -1.44786 -19.99767 -10.34364 9.54511 -2.56166 15.08336 11.72071 18.80606 -1.21052 13.35666 7.59655 2.09044 -3.33226 6.78415 -20.12110 6.84690 -5.80283 8.09101 1.24958 9.14253 7.18907 30.00000 10.66537 0.88824 7.73936 -24.11447 -4.48006 -7.95906 -7.73342 11.00282 -18.36580 -6.27893 9.81638 30.00000 -3.22784 30.00000 
-26.79050 22.07751 -4.16942 30.00000 12.09874 -7.52332 -3.84684 -0.71951 1.22237 24.30100 -0.84478 6.89767 -2.52608 -3.80047 -4.95236 28.66477 -6.50499 25.49272 10.63465 21.67862 -1.00832 16.45545 5.25714 18.87693 -9.66567 -19.62435 1.15254 -13.76911 -11.88273 -14.61400 -30.00000 13.21350 7.04934 28.25125 17.32257 18.95620 -0.16790 10.31922 -5.47837 11.83794 -19.09436 6.20091 -7.53819 1.85606 -7.29051 0.34951 -0.42799 -7.65143 13.66211 18.01295 1.52324 4.52295 16.66871 -7.92159 0.06013 -2.74351 0.08886 1.27840 6.51155 4.25881 -11.82626 30.00000 -4.29766 30.00000 
1.08604 30.00000 -6.04696 30.00000 -5.74569 7.24336 0.35986 -2.17371 -0.40388 12.63886 -0.80803 5.71588 3.99891 -13.30715 -3.41226 26.36220 -4.22169 26.89471 5.12813 27.61728 0.28152 15.76514 6.56055 13.50139 -4.40038 -21.95331 -1.25001 -13.50930 8.79146 -16.46090 7.16709 15.53675 -1.78341 16.61320 -3.79847 13.61453 5.37519 3.76231 -13.48714 17.81310 -19.31743 7.23988 10.20627 6.72862 9.75912 1.80202 -1.94757 6.85025 -13.11982 5.79985 -5.14869 7.17556 14.43769 -2.97194 3.40938 4.96526 5.79756 -5.81848 17.79578 8.32956 -22.92324 30.00000 -5.73402 30.00000 
21.05852 30.00000 -7.41718 30.00000 -9.55220 16.57273 3.42991 -3.23499 -5.14529 -3.12788 -0.80604 -2.48464 -1.77969 -12.83958 -6.54254 26.60358 -3.90382 28.83764 0.45429 29.22477 11.14679 15.20483 1.90025 3.57020 6.64279 9.24301 -1.27624 -13.47766 18.19616 -18.29322 21.58632 16.72611 -10.26478 3.72251 -19.21261 9.71618 5.96855 13.55386 5.18114 5.83137 8.16700 7.14209 6.31948 12.37355 4.01549 7.43306 -0.85981 10.85489 -8.02248 2.33678 -0.20911 4.50543 -0.05714 -0.46601 -2.45620 0.49149 3.62672 -7.13930 6.35976 5.37330 0.66270 30.00000 -6.78228 30.00000 
-19.66556 30.00000 -6.63398 30.00000 -6.11305 15.11464 0.44346 -1.24850 -4.09003 -8.70402 -0.84265 -7.33794 -6.34460 14.06746 -6.21281 27.69842 -4.89995 28.49747 0.92971 22.99703 3.80560 -0.03529 -1.50083 -3.67758 5.29717 6.60103 -0.38206 -13.60061 -4.82215 -16.88512 2.89929 17.29294 -5.51055 -0.48419 -1.75412 12.59522 1.52638 19.65536 14.45680 7.47114 13.42185 6.29490 -8.76257 7.74776 -1.77814 7.26012 0.62774 1.68818 9.97894 6.68772 4.76217 -0.12545 -10.63546 1.36282 -2.58158 -8.06236 -2.37672 9.49325 -7.82894 -0.88741 12.48564 30.00000 -5.48232 30.00000 
-8.80349 30.00000 -4.61868 30.00000 0.92903 3.74576 -1.73605 0.20124 -0.35032 0.81501 -0.83221 -3.56149 -3.22400 9.99117 -5.38551 29.30557 -5.80415 26.16936 3.00516 15.51601 -1.85912 -2.59941 2.54452 -5.27866 -1.61886 1.91266 0.67943 -13.71615 -11.85673 -7.38737 -15.24831 15.66638 2.27609 21.16397 8.35730 17.11281 -7.72372 4.80061 -7.46126 12.72801 6.34317 6.30010 -8.45507 4.13908 -3.23258 2.41185 1.71336 -5.00167 20.22324 14.12336 2.56928 -3.35028 0.80680 0.46855 -0.25759 1.79568 -4.87916 8.85804 -3.25933 -0.17797 4.50573 30.00000 -4.53361 30.00000 
4.52583 30.00000 -4.23078 12.44358 5.87845 -10.31117 1.38956 0.57597 1.70908 7.93723 -0.80658 7.82034 2.09197 -2.99327 -3.05791 17.40668 -5.98629 27.64056 5.58711 24.77013 5.18428 11.32360 4.23120 7.41783 -3.91457 -1.36398 -0.04450 0.91492 6.38198 12.30709 5.02746 15.48470 -3.88460 25.19586 -0.89814 12.44613 -5.14225 1.96558 -19.35895 13.14724 -23.78981 7.07051 0.54044 8.02880 2.08389 -1.23192 1.43770 -0.56108 8.79459 12.34757 -2.55485 -0.20749 9.15736 -0.18410 2.46564 8.85780 -2.17851 -1.62465 0.41696 1.68460 -16.15885 30.00000 -5.15485 30.00000 
4.07105 30.00000 0.80749 -10.70380 -3.53609 1.04081 3.37351 1.20195 -0.47138 0.42832 -0.80631 12.96448 0.15056 1.08776 -1.80972 2.28534 -5.34773 30.00000 5.69016 21.93125 6.54775 11.30435 0.55841 6.92184 3.39139 -0.03256 -2.03781 12.33882 15.10309 -17.74931 16.39902 17.30196 -7.65011 12.84598 -10.92107 10.58948 7.70188 17.64524 10.14748 11.47857 -28.27365 7.34884 5.15988 10.16027 -0.27010 0.65143 0.08678 3.11338 -12.52024 6.56129 0.81949 5.91370 2.70504 1.10042 0.52016 1.94392 3.10925 -7.00117 2.83897 2.83059 -10.35790 30.00000 -6.08576 30.00000 
-5.32715 30.00000 -2.57846 -3.56824 -4.64831 12.08860 0.66652 0.40744 -2.06268 -5.05168 -0.41270 1.08303 -4.94472 9.11030 -4.36170 23.25814 -4.93011 29.77859 3.41130 20.68381 0.77700 11.70231 -0.30331 -0.35661 7.19732 3.63181 -2.56868 -0.17591 1.47074 -15.60270 16.61890 15.98524 -8.17786 6.41653 -10.57315 17.25583 2.76544 18.51342 15.49960 10.08201 -0.90510 6.48910 2.59307 -0.40760 -1.98804 2.02589 -0.51800 1.85465 1.46002 3.16793 3.48707 1.40825 -4.90707 1.13854 -0.57463 -4.23521 0.37456 -4.07309 2.19450 1.82073 8.58086 30.00000 -6.18246 30.00000 
-12.38111 30.00000 -8.26455 30.00000 8.63499 14.87360 -1.30904 -0.17238 -0.85697 1.59688 -0.61830 -7.92091 -3.13094 15.48754 -6.00375 26.36843 -5.41658 28.60194 4.03152 25.53142 2.23516 12.84298 -0.41763 1.33264 -6.06608 5.52506 -1.96450 -7.79046 -9.74511 1.04290 3.22946 15.12926 -4.37632 19.58747 1.39855 20.63086 -4.03617 4.91279 -18.65701 7.52435 14.29028 6.49655 -0.63563 -0.90902 -0.61693 -0.75367 -0.20020 -0.69404 11.66281 0.69146 1.35393 -0.42879 -2.65985 0.83880 0.46985 4.72866 -2.00463 2.59638 -0.94116 0.54704 1.64758 30.00000 -4.91074 30.00000 
-8.49693 30.00000 -10.23044 16.30867 0.85230 -1.71785 1.11734 0.44522 1.56439 5.36296 -1.00837 -4.40523 0.62753 7.78925 -3.49463 26.11028 -5.74455 28.23510 6.00811 19.21251 3.59813 2.29436 1.23466 6.67196 -11.44288 0.10614 -0.19258 7.49891 -5.90007 9.71001 -11.58966 15.39089 -1.60197 29.19963 -1.26144 12.06254 -0.12971 4.84544 -6.81506 12.31193 4.85930 -2.02625 -2.86018 -0.51649 1.15403 -1.57782 -0.06459 -1.99766 -1.04647 0.77568 -0.41421 -0.51127 1.67429 0.33004 1.65933 3.51542 -1.06227 4.67057 -3.22956 -0.38249 -4.81927 8.09497 -5.03146 30.00000 
-2.26773 30.00000 -3.19086 17.49061 -4.84937 -12.91272 2.47968 0.82032 0.61772 1.32742 -1.04890 8.66872 -2.13009 1.69048 -3.70479 11.95666 -5.87337 28.59820 4.98762 15.27129 4.04293 7.88332 3.71805 3.24562 3.56467 -0.58046 0.52488 7.93679 4.54141 -26.12621 -16.15384 20.24915 -3.52245 29.42783 -6.61301 17.40378 1.19856 17.79571 5.50596 13.82593 -16.91926 0.67293 -1.01402 -0.10297 -0.00870 2.89760 -0.43798 0.28440 -10.32170 0.83715 -1.68002 0.82548 3.94678 0.19400 1.68242 -0.87954 1.24341 0.65239 -3.23467 0.36855 5.28527 10.15352 -5.67553 30.00000 
-3.32685 30.00000 -0.49447 22.86682 7.05509 3.21973 1.17308 0.25196 -1.01509 -2.68200 -0.19451 9.09974 -3.72091 3.58113 -5.51445 13.92645 -5.23074 29.46549 3.34634 21.59940 2.41828 11.38717 3.22718 1.39551 12.03235 3.03983 -0.82563 -0.36942 8.31701 -30.00000 -6.23153 22.19270 -5.95134 24.64194 -3.91546 21.26291 0.37935 15.60350 12.35970 14.10340 -17.66128 7.02935 1.12337 0.99167 -1.83647 5.17362 -0.71048 1.94984 4.94180 0.11194 -0.40526 0.33717 -0.29866 0.40513 1.65869 -0.46178 1.46835 -2.40089 1.87038 1.18595 12.37671 27.22670 -5.73552 30.00000 
-7.61041 30.00000 -7.40781 27.45973 3.88133 8.80529 -0.06866 0.15559 -0.30033 2.78283 0.05730 -5.54934 -3.39384 9.52681 -4.60257 10.41583 -4.89850 29.09903 4.13153 29.85117 2.54557 7.75397 1.80421 2.01252 0.82556 5.01039 -2.38286 -4.75179 3.61604 -16.18183 13.52502 14.51565 -6.43289 16.71359 -2.17987 21.35533 -4.29163 3.02596 5.36736 12.53225 22.21279 4.28319 2.68324 1.79055 0.11763 -3.37767 -0.61378 -0.43642 8.42099 0.16151 1.77705 0.09735 -1.61955 0.65206 0.44643 4.13588 -1.71340 1.31109 1.00576 1.05193 8.98786 13.63092 -5.26672 30.00000 
-6.18931 30.00000 -9.29521 13.40466 -6.81430 9.23180 0.72524 0.25423 0.07598 1.13123 -0.47375 -10.81562 -2.55238 6.79206 -4.47236 23.79981 -5.08127 28.78459 4.94822 27.68034 3.68771 7.22426 0.86558 3.55231 -8.36666 3.43574 0.30377 3.26643 -0.32495 11.00991 4.06350 12.00699 -3.62902 14.43683 -4.90592 19.37559 0.79124 6.46715 -1.73850 7.08452 18.13141 0.38120 0.76970 1.41424 1.04423 -6.00804 -0.21860 -0.85312 6.93195 0.25736 1.31897 0.45835 0.98822 0.72306 0.82625 5.49642 -0.03341 3.95078 0.37476 0.95413 -5.43867 -0.94983 -5.23803 30.00000 
-4.15745 30.00000 -4.44957 13.59987 1.12854 -7.80667 1.24419 0.48576 0.06807 -1.92265 -0.96587 5.68753 -0.50023 -3.57522 -4.54761 12.82957 -5.65280 29.04192 5.59207 17.62385 2.90478 12.63990 1.21224 4.70340 -1.78086 1.47701 -0.25105 7.23793 -3.07436 18.08523 -10.45763 17.24076 -2.79101 17.54479 -4.54393 11.73357 4.03107 11.13531 -5.39849 4.45688 -5.10488 2.40947 -0.07788 0.75418 -1.95509 5.20119 -0.40124 1.58787 0.81817 0.97389 -0.76702 0.68777 2.66660 0.16297 1.56218 0.32345 2.75627 3.40424 0.35912 1.02572 3.47015 15.35817 -5.44298 30.00000 
-4.92920 30.00000 -1.37138 28.26359 6.37746 -14.32753 0.62811 0.51351 0.55090 -1.30427 -0.56010 10.22113 0.74137 -5.41606 -3.06453 16.64410 -5.84751 29.00407 5.07728 20.16669 1.81022 10.48352 3.31271 3.23593 8.10992 0.87714 -2.39442 9.34290 -2.15761 8.50300 -15.49628 16.42823 -3.50072 24.66832 -3.97945 12.27010 -4.82228 14.21928 3.73274 6.72437 -13.78877 8.45218 0.76363 0.69883 -1.42369 4.37253 -0.57144 2.01848 -4.17806 1.48838 -0.42202 0.75429 2.63635 0.30273 1.96463 0.87905 3.17699 -0.93289 1.25357 1.10234 7.85044 20.97688 -5.68884 30.00000 
-5.84591 30.00000 0.10660 30.00000 0.77207 -1.00017 0.19450 0.36398 0.94721 2.83340 -0.26503 -2.49566 -1.98293 1.59398 -4.22535 28.31492 -5.18908 28.89464 4.42523 24.84850 2.28359 5.90436 1.83767 2.95474 -5.79416 3.65853 0.26151 -0.06398 1.06024 -6.79698 -12.31364 17.14036 -4.40988 19.83968 -3.55862 23.99191 -6.37656 8.55932 2.85119 9.01357 -13.94574 2.88219 1.37776 0.65844 0.57454 -1.75891 -0.63827 0.87622 1.68194 0.52374 0.39035 0.67239 0.70765 0.59577 1.44978 3.21573 0.29559 -0.53184 1.76678 1.05146 9.71961 7.98609 -5.44522 30.00000 
-5.59091 30.00000 -1.18752 -4.55073 -3.36185 10.17255 0.17070 0.34484 -0.03079 1.60011 -1.05271 -3.49856 -4.27036 7.41097 -3.51332 5.58269 -4.95033 29.00457 4.23799 26.21244 3.12121 0.17905 0.84510 3.45845 -12.08875 3.95574 2.19981 -6.92912 -1.68235 -7.35311 22.40261 17.31551 -5.07339 16.31574 -3.80603 25.41836 2.79701 4.55299 2.20784 10.68422 7.91176 0.07715 1.02337 0.63528 1.75873 -2.29191 -0.19965 -1.12000 3.11202 0.09114 0.05361 0.53780 -0.69991 0.80962 0.78843 4.71663 -1.66318 1.38118 1.98727 1.01465 2.66168 0.02135 -5.27637 30.00000 
-5.39969 30.00000 -5.68348 -10.33440 -4.45495 15.98772 0.82261 0.35339 -0.56309 -2.21894 -0.64014 6.94566 -1.25057 4.25001 -2.51554 -1.45893 -5.50636 29.22975 4.99643 22.64883 4.00929 8.83883 2.57865 3.99776 19.13287 3.89474 0.01329 -3.90066 -2.00186 10.90511 19.61590 18.03537 -4.61258 21.31980 -4.32510 2.75675 9.49661 6.63513 3.13213 10.27465 19.42726 4.31111 0.43556 0.67608 0.23764 2.34431 -0.24762 -0.38955 0.17894 0.98350 -0.32471 0.68906 1.28440 0.89589 0.39758 2.82009 2.19501 1.63076 -0.13793 1.03417 -1.93030 14.87721 -5.57105 30.00000 
-5.32302 30.00000 -6.49096 22.71724 2.80023 3.94808 1.04482 0.41897 -0.35113 -3.24875 -0.49325 0.74574 0.34530 2.88070 -2.55200 -3.32622 -5.76527 28.59436 5.45539 20.14786 2.58296 18.53695 3.08323 3.46753 30.00000 3.36132 -1.16525 3.98278 0.46796 10.50639 -30.00000 15.47247 -4.27628 24.97177 -4.77013 10.79879 2.39021 14.03794 3.80669 9.97574 -11.28219 7.46319 0.12484 0.74898 -0.70302 3.86453 -0.80915 0.98973 -1.91525 0.91976 0.05821 0.78260 1.34718 0.83157 0.93013 0.34178 2.22877 0.64198 -0.00432 1.06542 -3.06433 10.21031 -5.74659 30.00000 
-5.40969 30.00000 -3.91776 30.00000 0.44485 0.77946 1.03225 0.45032 0.91023 2.32152 -0.85445 -3.43559 -2.37061 2.25737 -5.68883 25.03177 -5.26336 28.43453 4.68101 22.28767 2.78242 18.52378 2.00508 3.25187 -30.00000 0.95426 0.50023 2.63725 -0.94498 2.80427 30.00000 17.39186 -4.93183 23.68976 -3.80172 27.82726 -2.22104 11.98582 4.06689 10.25966 -26.04167 1.43149 0.27937 0.78875 -0.57062 -2.21224 -0.43079 1.15056 0.77189 0.74185 -0.13640 0.67724 0.64818 0.53725 1.27609 -1.18504 0.07292 -0.31729 1.24507 1.06859 -1.97625 3.29168 -5.34903 30.00000 
-5.47711 30.00000 -0.98306 11.97431 -1.07012 -1.73861 0.52239 0.40870 0.63046 2.49450 -0.83269 0.55112 -3.23542 1.89722 -3.46454 24.27317 -0.69464 23.97615 3.42954 14.79678 2.89780 -3.58836 1.04505 3.63449 14.62646 3.83379 1.08536 -0.07767 -0.73530 -3.36864 -4.06744 15.60280 -5.16484 18.63224 -3.56663 15.21921 8.67129 3.92066 4.21240 10.48072 -1.89582 -2.90520 0.87383 0.75897 1.52276 -2.22809 0.04571 0.48064 2.73297 0.61202 -0.19983 0.54539 0.20858 0.41571 0.50431 -0.59456 -0.48530 -0.88158 1.71513 1.04783 2.33489 -3.66456 -5.21748 30.00000 
-5.52631 30.00000 0.89474 -11.70597 0.82315 -2.37734 0.41948 0.37650 0.35101 -2.60952 -0.81681 3.46062 -2.71179 5.45679 -3.66681 18.87948 3.49904 19.75211 4.40292 17.01185 2.74640 5.03244 1.56534 3.85661 27.15949 5.23786 0.01832 -2.04158 0.44148 -0.29749 -29.03656 22.06716 -4.86840 18.66352 -4.56920 6.13458 5.05143 7.21253 2.32660 10.30977 17.57122 -0.93307 1.30766 0.73724 2.72127 1.57935 0.86239 -0.01391 3.52015 0.68462 0.67410 0.59723 0.25502 0.58809 0.32149 1.99725 1.11928 1.51935 1.26976 1.03631 3.81552 3.96311 -5.52801 30.00000 
-5.50874 30.00000 -3.10878 -12.60342 1.66219 4.09396 0.58546 0.39693 -0.62672 -3.20134 -0.81752 0.18862 -0.70956 2.96888 -2.96591 17.78976 -4.76111 27.14575 4.91926 22.98318 3.32547 23.83435 2.30124 3.76641 -7.29655 1.86715 -0.44427 -1.89740 1.25551 2.17549 -1.55981 -8.89917 -4.35096 21.09406 -4.91705 26.13250 -2.13446 13.05122 2.36732 10.15368 4.67636 10.61282 1.04327 0.73323 -1.01884 3.53376 0.04705 1.00664 2.27650 0.69427 1.32653 0.63290 0.77636 0.72546 0.46329 2.28802 2.28389 2.73738 0.29961 1.05276 2.11154 8.26155 -5.72523 30.00000 
-5.44383 30.00000 -5.45390 2.12273 0.83136 0.27243 0.88497 0.42807 -0.26923 1.73079 -0.84203 -1.44191 -0.65139 4.74385 -3.84633 16.55922 -8.69998 30.00000 4.29012 24.22690 2.73855 30.00000 2.40758 3.34457 -19.99314 0.72008 0.35732 2.51075 0.18142 1.02201 19.11844 -9.25773 -4.37408 23.47470 -3.46248 22.52667 -1.09356 14.28031 3.77633 10.26909 -16.61196 4.02601 0.71163 0.73885 -1.02898 0.91885 -0.43747 1.04301 -2.97269 0.67553 1.53757 0.59221 1.12391 0.67592 0.94664 -2.04903 0.46169 1.45400 0.91078 1.06423 -4.29559 1.28783 -5.41388 30.00000 
-5.44185 30.00000 -6.56399 12.60067 -0.01164 -2.50159 0.76121 0.41025 0.75197 3.03314 -0.84723 -0.46324 -2.37407 4.38061 -6.53685 19.66739 1.70817 23.69493 3.69326 12.17271 1.62286 17.02362 1.48387 3.22549 11.09026 2.20375 0.77236 1.67805 -0.40100 -1.38552 13.30175 18.32791 -4.43369 21.69151 -2.94241 11.36813 3.07240 4.50948 3.19976 10.36316 -10.86989 -2.78311 0.63506 0.79713 -0.16372 -1.04344 0.81977 0.89017 -4.78340 0.68431 -0.38034 0.57026 1.29230 0.53683 1.11674 -3.69244 0.29863 0.36516 1.48936 1.05784 -5.76332 -3.28975 -5.27165 30.00000 
-5.49334 30.00000 0.32049 2.22328 0.14558 -2.78435 0.56801 0.39352 0.82625 0.76580 -0.82029 0.74514 -1.83733 4.50185 -8.08178 22.26681 7.98105 19.83878 4.26223 7.68034 3.88271 -2.41760 1.34447 3.51100 17.54230 4.97664 -0.09653 -1.73124 0.93832 -0.45254 -13.36469 24.67699 -4.72298 19.78651 -5.21808 15.64554 5.76773 8.32417 2.77898 10.43182 9.72813 7.90844 0.80893 0.82871 0.84577 1.91163 1.34801 0.08637 0.34896 0.69961 -0.61268 0.60822 0.52852 0.51114 0.57931 1.44705 1.60473 0.57068 1.16670 1.04208 5.05670 1.26534 -5.37480 30.00000 
-5.50129 30.00000 6.06496 -8.18015 1.88296 3.43830 0.55239 0.39902 0.71257 -1.39046 1.55748 1.63477 -1.20676 3.24010 -0.33434 22.66588 10.01158 28.58809 4.65907 19.32737 2.69569 -10.48746 1.80749 3.87836 -12.15682 3.54054 0.05415 0.10419 0.68194 0.69190 -12.11477 11.30753 -4.72543 19.24674 -6.56068 18.19374 3.23180 13.65017 3.25881 10.46852 -0.73719 4.07502 1.01106 0.80039 -1.06965 2.52006 -0.72775 0.46666 4.67698 0.64978 1.02363 0.60708 0.45196 0.66583 0.85525 4.30309 1.67983 2.05698 0.71872 1.04373 2.63867 6.38534 -5.60152 30.00000 
-5.49247 30.00000 8.30841 -3.21459 2.28214 5.28883 0.84232 0.40673 0.70846 -0.12670 -0.91071 0.04680 -0.37382 3.13619 1.84993 4.21072 1.78715 30.00000 4.61948 26.29542 2.90927 21.06996 2.30160 3.74453 -11.64548 1.36506 0.16411 1.44368 0.23785 1.27927 -5.38106 -1.74733 -4.55867 20.53339 -3.49016 17.51128 0.90586 6.13996 3.51512 10.28283 -7.94474 -3.01492 0.86687 0.73048 -1.21321 -0.44872 -0.18332 0.83432 3.47406 0.67137 1.45028 0.60348 0.90185 0.67575 0.95290 5.27386 0.88407 2.39746 0.75063 1.05480 0.28466 4.20268 -2.09482 -3.16877 
-5.47682 30.00000 0.62758 8.59618 1.82104 -0.65303 0.84039 0.41376 0.71758 1.53141 -1.03984 -0.40521 -1.74850 4.96121 -9.13530 -7.43443 -3.35259 26.60217 4.26278 20.72457 2.92075 30.00000 2.33739 3.37399 9.60603 1.91399 0.16917 -0.24216 -0.24218 1.10174 3.32950 2.88296 -4.51496 21.69864 -2.20396 21.15844 2.13307 7.60463 2.90937 10.28990 -5.26991 -3.06383 0.77126 0.73029 -0.04440 -0.19355 0.16292 0.88285 -1.30587 0.64131 0.68281 0.58957 0.81142 0.52847 0.78723 -0.87507 0.67865 1.69538 1.24435 1.05823 2.06727 -0.82304 -1.24894 -15.55683 
-5.46540 30.00000 -4.54127 6.92107 1.39805 -4.09433 0.49145 0.40951 0.67761 1.21414 1.07110 1.47334 -3.01188 6.96814 -5.51978 -14.01085 0.52419 21.16860 4.06363 16.67500 1.58189 12.32135 1.53335 3.22448 22.40365 3.09081 0.13765 -1.23729 0.09507 -0.56407 -4.28191 6.62961 -4.63106 22.02986 -3.56513 22.16258 4.90948 9.05659 2.66142 10.37612 6.14716 7.87421 0.95157 0.76362 0.85351 0.16016 -0.01362 0.02877 -0.34883 0.69741 0.15768 0.57969 0.59089 0.51060 0.69323 -3.51843 1.30954 0.42749 1.09891 1.05295 3.11647 1.75636 0.61625 1.45360 
-5.47764 30.00000 -0.47468 -4.42279 0.88544 -1.90504 0.41513 0.40506 0.80417 0.18763 -0.30134 2.19191 -0.59377 7.70634 1.58153 23.57882 4.93908 14.08495 3.91830 13.71961 4.10600 -2.22914 1.30575 3.66507 -7.40761 3.33566 0.00074 -0.78233 0.85745 -0.49708 -9.00985 3.75414 -4.68866 20.88347 -5.43247 14.52528 2.77186 11.03631 3.04910 10.43708 5.14712 9.83228 0.98077 0.78342 0.83670 0.36046 -0.14245 -0.59453 2.02001 0.70772 0.14711 0.60059 0.57465 0.67245 0.82003 2.28769 1.55438 0.83119 0.89069 1.04738 3.23990 10.02520 -4.00728 23.24916 
-5.48572 30.00000 2.93882 2.99547 0.97330 5.85279 0.80712 0.40802 0.85494 0.06231 -0.65555 1.02296 -0.19126 3.31937 -3.89514 30.00000 2.48101 15.59017 4.02633 17.23011 2.73405 1.70945 2.06456 3.83156 -18.86962 2.10695 -0.02551 0.64613 0.82228 1.47403 -11.90640 -1.43331 -4.64944 20.67218 -3.64794 15.35469 1.69547 10.75465 3.51271 10.44117 -7.27586 -2.02882 0.83889 0.76503 -0.08403 0.22786 0.00076 0.13097 -0.58384 0.22149 0.34779 0.60337 0.71876 0.63770 0.85529 3.73000 0.90230 2.35878 0.82879 1.05065 0.28355 11.42042 2.10542 30.00000 
-5.47323 30.00000 4.41089 7.61444 0.92832 4.94018 0.83910 0.40933 0.59380 0.29604 0.97209 -0.18484 -2.17246 2.62767 -9.36466 21.88390 -1.40506 30.00000 4.13630 19.34462 2.74584 13.90328 2.18334 3.32948 14.70296 2.32411 0.02434 1.47624 0.01157 2.30179 6.33345 -2.08462 -4.56260 20.96717 -2.83482 19.70495 2.37165 7.72717 3.34667 10.37117 -0.12088 -4.24071 0.80813 0.73696 -0.61829 0.10948 0.08615 0.37126 -0.74116 0.33374 0.59692 0.58388 0.81221 0.58952 0.94733 3.27964 0.84340 1.75491 1.08350 1.05451 0.11586 11.36776 0.59345 13.19232 
-5.46999 30.00000 -2.83164 7.33140 1.70420 2.05176 0.58422 0.40949 0.49196 0.46774 0.49393 -0.27436 -3.27749 7.08041 -9.38271 1.63610 -3.55954 24.89470 4.05853 16.59368 2.96960 16.40440 1.76723 3.56212 9.81762 3.28387 0.11543 0.05346 -0.20012 0.32017 -2.32446 7.50165 -4.56275 21.93035 -3.86015 17.99586 3.54974 7.81864 2.81297 10.30840 5.06116 -0.15474 0.81926 0.74605 0.53323 0.64907 -0.01784 0.03763 -0.52881 0.65610 1.13046 0.57954 0.88040 0.55437 0.96113 -1.98594 1.14035 0.47189 1.16416 1.05231 4.61520 8.39005 -6.07111 0.08246 
-5.47457 30.00000 -3.54051 6.27174 1.19727 -0.36470 0.53894 0.40437 0.58637 0.34534 -0.50047 1.31320 -3.68038 8.37798 -7.50411 30.00000 -2.49453 17.17246 4.00178 14.58604 2.44774 -1.27019 1.59020 3.73664 -3.28818 -2.25254 0.18191 -0.98488 0.10140 -1.09734 -10.86651 16.64027 -4.63293 21.34221 -5.69519 19.01968 3.03338 10.62311 3.31696 10.30426 5.09129 5.06464 0.92626 0.78822 1.28486 0.78701 -0.08584 -0.21467 0.95900 0.93575 0.99882 0.57893 0.74421 0.58209 0.88157 0.67235 1.14867 0.74699 0.94267 1.05027 1.98452 -0.10518 -9.41648 -0.28992 
-5.48123 30.00000 -1.47105 6.50956 0.83447 -1.64786 0.61511 0.38784 0.65527 0.25602 -1.37387 1.75809 -1.87230 4.02454 1.79709 1.83007 4.35852 16.27870 4.01030 14.20351 2.36367 10.70886 2.13878 3.39721 -9.10303 0.13167 0.14395 -0.67295 0.70164 0.92326 -1.35870 16.59460 -4.64850 20.87796 -3.74777 18.40990 2.25141 10.65713 3.43535 10.41750 -6.10789 7.44239 0.97731 0.75199 1.30632 0.54888 0.67121 0.47388 2.04480 1.13983 0.57796 0.80114 0.64481 0.60232 0.79642 2.58249 0.98835 1.43215 0.90479 1.05191 0.90076 3.39008 5.87321 30.00000 
-5.48046 30.00000 0.50468 5.31365 0.71635 -0.59282 0.67069 0.37578 0.62380 0.23292 0.52637 -0.25658 0.07416 0.31798 -0.49730 11.43531 -4.50640 19.76707 4.05364 18.56248 1.81755 20.06889 2.18050 3.20246 4.33196 3.41226 0.05004 0.47872 0.96072 1.47925 3.18656 13.12941 -4.58542 21.13793 -3.23490 15.12489 2.65229 9.76222 2.86752 10.45942 -3.58648 0.90450 0.84639 0.73671 0.81116 0.06283 1.36786 1.02123 1.21931 0.79977 0.42910 0.91527 0.71053 0.58452 0.80786 2.61064 0.90888 1.94244 0.97283 1.05318 2.80953 7.80427 9.50414 14.02048 
-5.47377 30.00000 2.07788 4.15179 0.91712 4.45633 0.63217 0.38070 0.55787 0.42016 1.80151 -1.22043 1.22815 -2.33570 -4.21772 25.41393 -10.03662 21.95759 4.09361 19.12862 3.50082 7.25651 1.95446 3.87253 1.83395 -0.19250 0.04015 0.88798 0.65468 0.21859 -0.83961 -6.48586 -4.59737 21.48817 -4.70906 12.25194 3.32304 9.16572 3.04392 10.32476 5.35054 -3.75653 0.78283 0.74377 0.49315 -0.17765 1.48197 0.75247 0.15375 0.75309 0.93875 0.63447 0.82595 0.57019 0.77819 -2.55710 0.99641 1.01824 1.04677 1.05284 2.21218 5.82193 -8.72373 2.35497 
-5.09825 21.21651 2.96343 2.42991 1.84606 5.08312 0.57248 0.40218 0.54772 0.41032 0.20488 0.82337 -0.56604 0.96680 -1.73585 18.07382 0.61623 18.98006 4.08059 14.88997 5.01855 -0.76464 1.65768 4.00748 -2.19592 -1.02338 0.18576 -0.39290 0.13793 -0.75821 -2.88065 16.29674 -4.63204 21.56973 -5.23705 14.69101 3.59281 10.38272 3.58388 10.24673 5.01922 7.78194 0.97711 0.77296 -0.39434 0.67872 -0.23186 0.25194 0.89965 0.90887 1.12759 0.54906 0.69289 0.58282 1.01798 -0.71209 1.06028 0.34376 1.08587 1.02433 1.15084 4.26365 -4.98303 28.48087 
-0.32208 1.07448 2.16758 2.89427 1.17366 4.77819 0.62057 0.39225 0.56460 0.38733 -1.72170 1.93673 -1.72663 2.91787 1.62278 11.74830 7.89347 14.98813 4.04289 12.83398 3.21385 7.70203 1.58231 3.96327 -2.83495 -0.11086 0.16918 -0.85632 0.28063 -0.22614 -1.51663 29.35465 -4.64660 20.95516 -3.75919 23.39648 2.96457 9.00800 3.44627 10.22631 -1.29548 9.00187 0.90329 0.77973 -0.53193 0.37664 -0.42578 0.70452 1.53868 1.07516 0.98622 0.50540 0.67925 0.59154 1.04992 2.02648 1.01786 1.04524 0.95756 1.00399 1.19936 2.12116 3.63221 30.00000 
-0.60401 -2.57000 1.13986 3.83303 1.31913 3.46265 0.65566 0.38501 0.60839 0.34445 0.35630 0.29489 -1.31595 3.67538 -6.59890 2.99111 -4.45120 15.41123 4.03022 14.27512 1.32516 22.94968 2.12058 3.41571 -1.53869 1.16316 0.12694 0.29430 0.83448 0.35172 -1.00603 -0.51618 -4.60857 21.33530 3.90313 0.60118 2.58691 9.40794 2.97086 10.37787 -3.70784 2.94474 0.80509 0.76749 0.37318 0.61977 2.01591 0.95781 0.75847 0.89940 0.64836 0.93304 0.77755 0.57772 0.87839 1.58000 0.98690 1.55718 0.92661 1.08196 1.37603 2.31461 8.16544 21.51613 
-2.07161 8.43937 1.81763 4.25366 1.96522 1.07511 0.63107 0.39516 0.63037 0.32265 1.89284 -0.87763 1.03420 2.82746 -8.33652 11.32587 -8.42213 16.19694 4.08395 17.64474 4.20954 7.77412 2.00471 3.21271 -0.48412 2.27289 0.07332 0.58536 0.66489 0.58149 -1.33748 -19.55166 -4.58528 21.60269 -1.62576 -6.67687 3.37681 10.46924 2.75477 10.48285 -2.73892 -4.02793 0.83035 0.73656 0.27306 0.70723 1.01111 0.99169 0.55573 0.86017 0.84755 0.81226 0.84928 0.56763 0.78432 -0.45337 1.02298 1.57277 1.05070 1.08739 2.91983 3.39113 -10.51369 13.89467 
1.38172 21.75969 2.33549 3.41738 0.95068 -0.99699 0.61312 0.40256 0.59723 0.34677 0.24348 -1.25436 1.03054 1.26531 -1.41308 12.78505 6.87607 18.49441 4.09444 18.63138 4.80125 1.96723 1.82311 3.72514 0.56893 2.85281 0.05658 -0.06667 0.41498 0.32589 -2.01052 12.44959 -4.59204 21.31555 -4.69881 9.76215 3.59420 10.80331 2.84020 10.44615 3.28208 7.57473 0.88454 0.75777 -0.43348 0.35125 0.23383 0.94316 0.56709 1.00575 1.01483 0.82144 0.72016 0.57866 0.78997 0.30078 1.04361 0.82669 1.09469 1.03652 1.71301 7.93245 -12.44178 8.85114 
-0.73104 15.34983 2.34950 3.08102 0.89436 0.52870 0.63381 0.40575 0.60976 0.37960 -0.60563 0.16158 0.06354 -0.73712 5.59043 12.38345 4.99343 20.66806 4.05996 15.01810 2.64796 2.38634 1.78568 3.83871 -0.97239 -0.88852 0.11620 -0.38466 0.21932 0.37286 -2.77619 30.00000 -4.63716 21.11384 -5.23525 26.43395 3.15825 8.54934 3.06911 10.29065 4.76195 10.76974 0.90532 0.77574 0.36855 0.69731 0.97407 0.96078 1.40045 1.03574 0.94727 0.98690 0.70567 0.58639 1.22908 1.22723 0.99884 0.54715 1.00994 1.07868 1.68122 4.97592 3.70927 9.99622 
min err=0.00879
gbest=(1.01786, 1.04524)