-17.29154 30.00000 8.64471 25.30192 24.78610 14.04797 -9.17713 11.79470 -5.32632 22.16942 0.20560 11.80366 14.26683 25.71971 8.23095 11.62045 1.43045 0.61146 10.93797 2.24765 -5.59696 19.31393 17.34634 30.00000 -30.00000 -29.65517 0.60575 1.15659 -17.64843 9.38005 -30.00000 15.99793 -17.29719 3.33604 -0.72827 24.89200 -7.49666 17.12841 -15.43966 29.05958 -12.34519 14.68154 28.82924 15.14671 -23.78732 30.00000 -3.34849 -13.31244 0.60123 27.09693 9.16326 -13.18944 -14.61185 2.67364 11.97664 0.73471 5.00955 -12.38996 -2.04358 7.69381 -1.80977 19.72111 7.78877 30.00000 
-8.46880 3.04833 -0.36581 13.91521 5.58934 -5.86799 -0.51424 -2.67478 -2.15429 25.67250 -0.53542 25.62150 4.54183 17.24258 -7.92672 12.53243 -1.58031 14.65306 4.83491 7.62052 -1.37900 -3.54452 10.48275 18.44324 2.68726 9.75087 2.29663 15.34341 -10.09675 0.46360 11.95758 -0.47002 9.49101 15.69952 -13.23789 13.99501 8.91295 10.76893 -3.29674 15.22185 -17.73227 13.54556 10.65225 -5.05795 -4.64669 10.96922 -3.36218 4.30319 7.55849 -2.82623 -0.90404 1.80857 0.59717 13.93587 4.48025 8.57239 1.33174 11.34412 18.53411 23.80388 15.68111 12.29795 -4.73441 15.19138 
4.26284 -19.23362 -6.85163 -10.76222 -12.88876 -14.06109 6.35656 -9.39981 1.60559 -9.01502 -0.43883 8.66354 -6.66366 7.48554 -10.74175 11.96954 1.37867 -9.20283 -2.07371 6.34610 2.14422 -8.15355 0.81943 -14.02042 24.28436 30.00000 0.74243 16.04168 8.47711 -5.94272 30.00000 -12.33467 23.81142 14.55450 7.81851 0.11194 -1.34239 5.25564 7.40570 -13.19030 1.36078 -4.57326 -8.49843 -10.64031 12.19797 -9.35532 2.03515 15.07216 -2.69923 8.46133 -8.00642 11.93678 11.70541 16.73535 -3.34782 6.55127 -1.63536 20.69681 13.53250 -1.31560 3.16302 -1.06128 -12.74267 -6.03160 
12.84453 -11.54395 -0.73534 -0.31548 -9.86944 -19.15037 0.51722 4.04635 -4.85151 -9.81060 -0.21585 -4.89942 2.31436 -1.39379 -3.13307 1.03815 2.63163 -17.30543 -3.25300 4.51299 -0.51746 19.63713 -6.45904 -23.76438 17.54788 25.44905 -0.52446 -0.58118 17.50404 -2.15545 22.94372 4.55524 3.29989 11.71613 14.47566 11.99203 -7.12736 -3.00936 6.68423 13.93165 14.22459 -12.85284 -15.20762 -4.81912 2.65899 14.67162 1.86050 0.46017 -9.70920 8.64527 0.89424 1.24562 2.85968 -5.11951 -3.32675 1.47421 1.57355 -4.00675 -14.23832 -12.44433 -9.50083 -9.32115 -2.39089 -5.51408 
1.91633 -8.63683 4.53559 8.73069 10.42325 -6.15593 -4.00667 5.73246 -7.55776 30.00000 0.80022 -8.54247 8.87055 1.36346 3.99993 -6.72016 2.02982 13.65324 -0.40047 1.19094 -3.32397 16.50299 -0.34768 -10.95365 -11.91671 -3.07605 0.90340 -9.82460 0.76516 0.17332 -18.11363 9.12422 -11.70314 -3.95187 -9.27638 25.87263 1.42948 -2.81991 -1.93600 27.12008 7.12620 -2.13196 -11.59284 -6.07231 -5.80265 21.90116 1.18551 -9.82759 -1.62682 8.17557 7.38994 -6.55678 -5.84654 -13.03561 2.26468 5.15462 3.70777 -14.80526 -19.86194 18.81000 -6.20478 -9.10962 5.79080 29.29686 
-5.90088 -0.98301 -0.75903 2.55660 17.78383 10.49871 3.95453 5.08512 2.64619 20.41581 2.75288 5.08817 8.14118 15.49159 3.68745 -0.91410 1.05513 30.00000 1.76042 2.37953 -2.41273 3.21335 6.22753 13.12666 -6.02193 -4.24899 2.83365 -5.46827 -9.88873 8.96481 -17.02421 8.89960 -6.86034 8.58581 -16.50609 26.48773 5.67438 7.98232 -3.16973 22.32267 -5.92019 4.08704 -0.56166 6.30949 -6.80828 -2.56320 1.22502 17.61134 5.23321 7.68419 1.22229 -0.72317 0.31493 13.31922 6.34531 7.84058 3.26375 -4.81106 1.13492 17.42070 16.63354 2.86341 7.40205 30.00000 
3.70261 2.23032 -3.10069 -2.96549 -7.15764 -0.80920 2.01283 -5.19229 0.18597 10.83125 3.69039 15.12613 2.05208 25.37846 -4.98957 11.41256 2.04857 9.12671 3.73874 6.58651 2.73547 -5.86672 9.77895 2.13771 -0.50853 0.85714 1.90302 -0.59474 9.54148 4.48716 26.75440 1.93057 12.41445 15.22669 1.11986 17.77484 0.76960 9.85991 -3.13499 12.00705 -9.88138 0.92369 7.85374 13.95790 15.07229 -0.72357 2.99332 -0.37701 -4.17026 7.05198 -2.40620 10.42345 4.88601 30.00000 3.74195 4.97609 0.28549 13.07537 17.51325 -10.30891 25.92647 6.95660 5.49327 2.49227 
10.63285 4.72403 2.83242 -2.83609 -9.27597 -8.83089 0.01213 -3.97149 -7.31842 13.45962 3.44419 9.87249 0.86809 24.60853 0.57766 9.74694 2.20233 -18.22644 2.97555 7.68654 -1.19112 -6.03387 0.10168 -23.62540 5.80939 8.04722 1.38500 10.70427 19.53602 -1.06211 7.36175 -2.89909 13.20737 6.35023 14.92081 9.37335 -3.27912 4.10277 4.18125 -4.47277 7.27001 -7.68942 2.01862 -2.54123 6.85533 15.55528 2.91572 -10.43453 -1.34958 4.80072 1.29476 6.77065 7.20471 14.58483 -1.84028 3.14320 -0.27495 16.84531 9.45296 -8.44586 -5.51495 9.16499 4.15577 -11.65969 
-2.59254 5.95147 3.38757 8.67774 -0.04427 -8.39520 1.70994 9.18576 -3.10168 19.41469 2.41035 5.04972 4.42002 -8.06558 2.24177 4.23932 1.84244 -13.69603 1.44023 2.66659 -0.64076 8.48653 -7.03521 -26.49890 1.23084 4.12475 1.19956 2.05831 -0.57850 -0.82315 -11.32033 -5.41138 -2.05859 -0.29516 0.19035 8.16456 -3.45173 0.22622 6.44131 14.27611 12.55331 -0.00091 -2.60651 -0.05545 -0.78609 17.94229 0.75226 -0.02294 5.75965 4.54415 4.34511 -3.94422 4.01564 3.04267 0.97282 6.12514 1.87934 -12.31337 -16.41693 14.47160 -21.23391 -2.58667 2.22032 30.00000 
-8.94779 6.59965 -3.05092 13.23278 7.55122 0.21768 0.51500 12.19175 1.34391 6.62278 1.45196 1.61749 6.45813 0.90428 3.47057 1.19461 1.62016 24.72694 0.55542 2.24660 -1.92002 13.97451 3.87961 -19.49429 -4.15561 1.02075 1.69774 -2.03141 -11.52736 2.28400 0.95553 4.84581 -4.09444 7.63395 -8.98301 3.80700 3.82606 9.12914 -4.67873 21.20228 9.15178 0.00368 0.04964 12.91275 0.08190 5.80532 -0.38853 14.63025 8.58916 6.50634 1.68218 -7.72296 0.27366 14.83309 4.23183 5.82276 3.52491 -12.44284 -15.86512 15.70823 -6.64754 -8.70491 5.65521 20.21984 
-0.49986 5.13507 -5.20941 3.63629 2.24337 5.60708 -0.04310 -11.15303 5.89766 -3.83075 1.60053 2.38046 1.79317 25.06909 3.33034 4.86665 1.80770 13.97923 0.68502 4.72214 1.93037 2.74780 7.34269 18.80658 -2.76269 -0.98174 2.11088 6.99761 4.16085 5.47180 11.40817 12.55610 10.22349 14.77916 -3.09503 6.55621 4.78217 11.14493 -10.09989 15.07002 -12.14412 -3.98052 2.77025 8.05558 3.69604 -3.90830 1.17646 8.61687 4.05087 8.96499 -0.68563 -3.23423 2.33733 21.53390 2.14339 4.72942 3.56186 7.34378 -5.85188 -3.40524 21.34593 -3.27010 5.88327 9.92890 
5.51759 5.11034 4.94643 -1.78691 -1.60361 9.36500 -0.43753 -1.84361 1.64887 6.20215 2.19405 2.94159 -0.06239 16.30108 1.66899 7.78817 1.81245 -7.37446 2.84915 5.27925 4.98971 -2.12170 -4.12865 -10.89627 6.13527 -0.30443 1.44813 12.14264 13.82079 1.87966 12.37264 -1.46853 14.53764 14.42082 5.57756 7.77354 -3.42438 0.76661 5.21223 19.56201 -15.68166 -0.00286 4.47733 1.46513 0.45785 -2.05413 3.31328 3.02380 -4.74160 8.64244 1.41966 8.51013 4.72758 16.54063 0.82724 4.58499 2.80413 20.63382 8.31227 -2.35013 10.13016 9.50564 3.48108 9.67720 
6.45638 5.34966 0.22670 -1.17563 0.13392 2.71825 0.23407 10.64634 -0.97377 12.84179 1.95376 4.07611 4.01891 -3.52108 1.32669 4.75069 2.13713 -20.64120 3.24994 2.54936 3.01472 -3.51745 -4.98291 -9.88106 9.30297 3.45418 1.96914 -0.02074 5.39508 2.09106 6.28033 1.15205 12.76640 1.85299 7.64673 3.58230 -2.81102 -0.84786 6.16992 22.03435 3.23967 -1.71535 3.98119 4.70980 -1.84185 0.72431 0.46490 -0.71882 -0.12377 6.31521 3.76941 5.30864 6.13662 6.80489 1.70162 5.55642 1.97770 18.89492 9.84221 7.49092 -10.36595 3.87543 1.27880 3.22975 
-11.09608 5.79010 -1.45270 6.27429 6.86625 -0.73001 0.47789 11.59954 0.65967 4.05929 1.47099 3.64947 5.91135 11.79926 2.41760 2.61519 1.79402 -12.55926 0.80218 2.00297 -0.81956 0.02854 -3.93101 2.92393 -6.94288 6.15405 2.52003 -5.97412 -8.77231 4.22884 -3.08474 8.40114 3.56745 6.64503 -3.12815 1.64219 0.24637 7.35733 -8.78368 -0.42461 14.00474 3.92867 2.84260 9.92929 1.40881 4.31013 -0.46485 4.39585 2.75441 5.19444 0.61139 0.52297 3.95408 1.72587 3.16748 5.25813 2.28526 6.60870 -1.82472 12.92258 -5.26484 -6.56380 0.90998 1.26759 
-8.78925 5.99344 -1.46686 5.60820 1.45444 5.99482 1.66382 -4.20304 4.19689 -0.40325 1.52487 3.90804 2.60202 27.30301 2.91444 3.71764 1.60840 7.86558 0.57610 4.99251 -3.04407 9.51774 0.26995 5.63898 -12.72006 0.01640 2.00211 11.96568 -8.59501 5.60990 -6.36927 13.04609 -3.21660 11.97577 -6.75730 10.06879 1.61140 9.06939 -3.52402 18.07260 5.91381 9.12633 1.72470 10.84034 3.49124 6.77930 4.42092 5.19286 2.69928 7.92711 -0.34363 -2.54051 1.88953 6.56462 3.05137 4.83029 2.49220 -3.37834 -10.11677 10.11934 8.15023 0.29067 1.15812 2.44093 
-0.00380 5.58321 -0.36997 4.56842 -1.37781 10.05711 0.85198 -4.34681 2.62896 4.53641 1.86119 3.40635 2.38641 16.34975 2.12214 5.81770 1.65990 13.17283 2.62928 6.58503 -1.13085 14.08652 5.56905 7.11873 5.12432 -0.53553 1.64299 9.29226 5.34577 -1.55878 -5.78596 1.85421 -0.06043 13.70812 -2.10619 6.44799 1.89404 2.11589 1.65153 27.38234 -8.81478 -1.91274 1.98937 10.51819 0.43234 -1.41096 6.44792 -2.04316 2.33777 9.32034 0.30134 8.03784 0.76588 9.45154 1.92711 5.19814 2.32560 1.29041 -8.00943 1.93085 7.90685 8.72759 2.06575 5.44518 
5.82575 5.52920 2.76041 2.50772 6.38229 1.80621 -0.69805 5.43462 0.42837 7.44781 2.10664 3.04022 2.30271 6.75793 1.55356 5.90127 1.77364 -3.45551 3.41703 3.53580 1.63504 10.35997 4.71380 3.72211 14.58791 1.80344 0.95907 -1.39847 12.43796 -3.08178 -1.66359 -3.60214 4.84927 11.73386 6.01128 -0.23366 2.08376 -2.83451 -1.44027 25.84287 -8.59376 -5.62267 3.09739 1.11185 0.31488 -6.78243 4.02573 -6.51630 1.64441 1.94053 1.62802 5.23869 2.04632 6.26797 1.26570 4.08033 1.83732 12.50342 11.96283 3.06896 6.08068 -4.93467 1.15443 1.12100 
-1.14648 4.25165 0.98455 0.53666 3.75149 -0.05692 -1.22594 3.83957 1.52107 -0.00110 1.99337 3.41278 2.04613 -3.11056 2.13885 2.70429 1.75513 -8.66883 2.60802 3.15340 -0.92007 -1.69132 1.64855 2.30023 0.78967 3.34923 1.92858 -4.75227 4.95253 -1.15391 3.00543 10.90379 7.09638 7.52431 8.16901 -2.44953 1.93676 3.43881 -2.40634 15.39171 16.39469 2.78354 3.41931 6.17572 1.95340 6.79404 -0.21772 7.64997 1.65116 1.76257 2.50703 0.62309 2.73823 2.05937 2.60521 4.00104 1.63196 5.38296 4.64258 4.34407 1.86595 -1.22318 1.11948 -1.51271 
-3.25307 3.77515 0.65894 1.64469 -2.74501 0.50650 3.22675 1.28478 2.31932 -1.82487 1.79157 3.67890 1.99188 -4.10509 2.59610 1.75140 1.63900 0.91778 0.98575 5.29788 -3.04500 2.73853 -0.37488 1.40113 -9.33722 2.05550 1.58925 6.49987 -1.43295 5.51466 -1.83376 16.82652 2.68757 0.66177 -8.90422 -0.88333 1.78067 7.99729 -1.36903 -3.44713 12.64038 6.30096 1.43113 11.92835 1.48363 9.55115 -0.47437 5.21785 2.03580 2.27956 1.64144 -0.22928 2.16679 0.50557 2.81958 4.27186 1.94968 -0.24146 -12.83312 7.09414 -1.21671 4.00459 1.63063 3.46254 
-2.81382 3.85439 0.95989 2.87604 2.53693 7.93498 4.23742 -1.34518 1.86259 6.29492 1.74204 3.39331 2.15254 10.45502 2.12189 3.58542 1.84906 10.67337 2.05271 5.63917 0.59520 14.03936 0.30886 2.51024 -1.47689 2.10907 1.09792 10.52656 -3.31675 6.18073 -3.63000 2.58092 0.13033 5.19594 3.90349 12.95487 1.76771 9.48518 -1.04413 6.07668 -1.53264 -1.08256 1.30211 12.42453 0.49695 -6.15205 2.82480 -4.09767 2.56725 10.01555 0.32485 1.10112 1.58557 10.27110 1.94770 4.21683 2.47069 -0.46406 -17.52248 9.80429 0.18987 7.29467 1.80021 5.95483 
1.66764 4.84746 1.68644 2.72569 5.62567 10.49040 -0.13462 3.32288 1.36170 4.83480 1.91050 3.20418 2.12633 13.35999 1.58525 5.42322 1.97301 3.27565 2.85679 6.49138 2.36504 3.86722 4.66651 4.21706 8.80568 2.63805 1.81628 12.40430 3.68936 -0.06052 -3.16463 0.34060 -0.04924 16.17155 10.81286 12.61535 2.08686 0.73292 0.81461 18.99583 -8.66195 -5.17872 2.53146 1.95845 -0.08551 -5.14441 3.66161 -6.63080 2.83720 15.34677 1.19957 2.57746 1.42347 7.17428 1.48588 4.85064 2.29584 7.05820 5.03937 9.36095 1.73215 3.81418 1.30056 0.02221 
4.12680 4.34394 2.23811 3.39013 1.71106 5.29469 -3.03614 1.25813 1.63080 -4.22024 1.99108 3.40810 2.16565 4.79194 2.25478 3.02001 2.01786 -1.94441 3.17683 3.21791 0.24005 2.63626 1.67527 2.45274 -6.42320 3.03597 1.47585 0.44054 3.51494 -0.47881 -1.16144 1.99333 0.79705 5.07735 0.71918 -7.18336 2.21628 -0.69314 -4.55640 29.38905 -9.57652 4.28009 3.00948 3.38162 0.58120 4.49912 3.07263 -0.67571 1.79232 5.89483 1.83642 3.13577 1.85950 3.10095 1.41575 3.62341 2.05427 8.16833 18.77566 1.81015 2.86890 1.04544 1.18513 0.09169 
-3.39418 5.40383 1.82815 3.45711 -0.56695 -0.29743 -2.65447 -1.42546 1.93823 -0.58238 1.74636 3.55248 2.16274 -2.85253 2.14676 2.22616 1.91474 0.85151 3.05200 4.94085 -1.10235 3.39855 -0.39339 2.20403 -13.37495 2.44396 1.21595 -3.21309 -1.76440 0.79375 3.37578 3.82748 3.97118 0.43555 -9.66280 -6.15364 1.93020 6.26272 -2.78514 1.55999 6.79887 5.23821 2.02683 4.95612 1.34198 5.57971 -1.84604 7.15204 1.42118 -1.52749 0.88190 1.73687 2.17852 0.58104 2.23181 4.14098 2.17154 3.59827 24.77757 -0.85638 2.17318 4.95055 1.17826 1.57711 
-7.61898 5.44634 1.53674 3.09070 2.48316 -2.79730 1.58979 -3.31618 2.02420 7.17149 1.81762 3.26882 1.92173 8.15428 1.77262 3.14510 1.85831 6.57970 1.50251 5.93952 -2.58546 7.55029 3.09937 2.93597 21.26534 2.38675 1.90315 1.11734 -1.04751 4.88071 4.29589 4.73431 4.42840 13.00778 -2.94228 24.03070 1.69135 7.60774 2.43350 -8.45398 15.65220 -0.82201 1.69721 5.41402 1.73979 -2.05893 -0.88525 2.29129 1.72260 8.89904 1.02766 0.30617 1.73098 -0.41982 2.29876 5.53942 1.87685 0.26177 -29.20584 4.45457 1.57679 7.28535 1.79156 3.20909 
-1.93333 3.42099 1.87705 2.59219 3.48702 10.53395 2.09073 1.22927 1.46374 9.67574 1.86871 2.89918 1.81578 6.77700 1.49958 3.81575 1.86653 1.85428 1.05806 5.88198 0.54556 10.54409 4.13425 3.45280 30.00000 2.93665 1.61381 5.85697 5.43184 1.24102 -6.22520 0.92367 3.07320 19.12164 4.13139 12.28203 1.74783 -1.53964 -0.31845 -1.19371 -7.19553 -3.46397 1.75934 3.76788 1.68179 -5.05547 5.75826 -1.10218 3.11825 9.30983 1.59067 0.00056 1.61506 0.35595 2.16463 5.00980 1.89110 -0.12468 -24.35677 9.69749 1.31525 2.05481 2.23604 4.38894 
4.55770 1.82753 1.84827 2.89527 1.28387 14.12804 1.47711 3.55316 1.47868 -1.29078 1.78089 3.10281 2.06693 3.81841 1.89499 3.50851 1.90315 0.04470 3.03051 2.96947 -0.88579 9.29166 1.90403 2.91254 -30.00000 2.22200 1.20414 3.50504 -0.22999 -0.10945 0.98918 -0.33488 0.83268 6.68559 0.06841 -10.74940 2.05929 -1.07829 -3.66234 24.79248 -18.29039 4.24765 2.09395 3.63812 0.79349 6.31413 0.76765 -1.55395 3.81576 7.78530 0.93515 1.42937 1.71786 3.82692 2.06203 2.70753 2.06324 2.43277 8.42909 10.57333 2.15377 1.74923 1.65906 3.52053 
0.63103 2.10609 1.77532 3.17791 0.51889 -0.55368 1.39965 4.75657 1.57998 -4.02505 1.74124 3.48838 2.08944 1.31775 1.97166 2.40161 1.93495 1.79665 2.60952 1.92887 -1.32626 1.20509 -0.04165 2.47874 14.81339 2.70922 1.69291 1.30922 -2.30236 -0.46880 4.71660 6.43560 0.79647 -4.91730 -4.25601 6.88641 1.72827 10.17339 -5.95185 26.53166 -0.54957 9.43716 2.43511 4.05896 1.26337 8.99656 -2.72069 4.17159 3.45910 2.41391 0.83544 3.43111 1.88102 5.23349 1.89361 2.26996 2.00359 4.90729 18.67381 4.37909 2.33398 6.92211 1.39230 2.77410 
-2.41157 5.00850 1.72084 3.35192 3.03009 -8.34520 1.73896 3.41702 1.79619 8.44747 1.76450 3.23306 1.97061 4.13336 1.54246 2.43637 1.81472 4.99678 1.47618 6.80772 -0.87532 4.81617 1.04510 2.24354 27.14075 3.34747 1.92644 0.67821 3.52740 2.59760 5.93757 3.19342 1.63288 9.21303 0.12604 19.05896 1.71635 5.53922 4.20258 16.92762 14.17995 4.74518 2.72987 7.26354 1.68378 0.93430 2.08926 1.55284 2.66255 3.48561 1.95817 2.44352 1.96910 3.19019 2.06972 6.31446 1.66000 4.72084 4.42997 1.87409 1.97683 4.90608 1.79966 2.71649 
-1.67331 5.59604 1.77245 3.27959 2.89852 15.52134 1.99988 2.24362 1.65075 10.26978 1.82238 2.97802 1.82911 5.35300 1.64750 3.82950 1.92164 4.02166 2.36696 7.90770 -1.68224 11.76858 2.51879 2.28100 -7.47727 2.22044 1.18651 1.91965 1.88602 4.96167 -2.63148 -0.45920 3.44733 14.75436 3.64318 -2.65719 2.01211 -2.22479 8.28154 0.09796 4.64796 -6.43716 1.71012 7.94700 1.14122 -3.76959 4.01561 0.43797 1.61300 11.38366 2.64746 2.18978 1.91253 1.62398 2.20572 7.18457 1.90670 2.99242 -16.64928 3.88887 1.63740 2.81828 2.08555 3.30884 
2.63221 1.47240 1.81176 3.12128 1.82741 5.43146 1.66354 3.16321 1.62389 -3.04627 1.82426 3.31125 1.97726 4.06331 1.95957 3.50025 1.96058 2.86454 2.39963 5.61378 0.34879 14.85430 2.76047 3.26709 -19.82423 2.06706 1.40940 4.64639 -2.02818 1.93339 -4.75661 2.54178 2.83733 0.19156 -3.01173 -2.54957 2.07804 -3.82147 0.84876 2.58575 -11.45252 1.39691 1.52173 7.08994 0.42693 1.54917 5.00050 2.63676 3.04555 9.37387 2.42942 0.99264 1.83352 2.18928 1.70995 0.40105 1.98617 1.84098 -1.79669 7.55631 1.39825 1.47979 1.72685 3.43882 
4.19334 -0.63733 1.83042 3.05414 1.42162 -1.93406 1.56724 4.03800 1.64153 -4.02223 1.76402 3.37578 2.07579 2.79190 1.87920 2.23716 1.80509 3.74951 1.68889 0.64626 2.59472 11.47200 0.89277 3.35068 11.08864 2.55350 1.96969 3.30378 -1.45472 -0.90929 -2.61736 5.26248 2.33548 5.56830 -6.08136 7.07504 1.93340 9.11961 0.98799 23.84579 -7.16595 7.43188 1.74188 1.30499 0.52280 5.96911 -3.21197 4.37330 3.47672 2.85710 -0.78107 2.24717 1.76796 3.81492 1.72926 -2.15045 1.78716 2.06941 12.10620 6.90680 1.47976 3.32092 1.53346 2.81618 
1.40130 5.25138 1.73861 3.22732 1.61425 -3.08561 1.69869 3.63176 1.59088 2.73627 1.81271 3.36743 1.84639 3.70253 1.80609 2.96571 1.73695 4.38556 1.77806 -0.74246 -3.15880 2.20515 0.62391 2.87838 17.35748 3.26998 1.16005 1.19053 4.49354 2.90049 1.84876 1.65032 1.51631 8.91954 4.10295 9.46134 1.68023 6.19755 2.80882 4.01612 8.38607 -3.39709 1.95648 -1.81657 1.75011 0.65419 -2.50788 0.46475 2.08033 6.48946 -1.55590 1.07353 1.75393 4.12263 2.26561 5.33528 1.78387 3.51412 4.19781 2.12420 2.04909 4.22882 1.63898 2.80778 
-4.73739 7.52951 1.73176 3.18604 2.85128 10.11116 1.84663 2.79151 1.74495 8.24083 1.80741 3.27505 1.96850 4.23141 1.67420 3.84052 1.71812 2.91870 2.15587 5.03747 -0.10728 -3.03815 1.54505 2.32191 -12.18330 2.98086 1.16467 2.15356 0.27932 2.57914 4.50186 -0.14290 2.09332 9.44109 10.15357 9.30918 1.69047 -1.90568 4.19923 -9.53939 0.50074 0.70101 1.92634 0.24234 0.77573 -1.45130 5.98925 1.51483 2.09840 8.79572 1.28431 2.56926 1.89979 2.30672 1.96691 10.17176 1.77621 4.12873 -8.63177 1.34060 2.20652 3.75842 1.92628 3.79687 
-5.70518 1.28385 1.74248 3.11667 2.78298 7.67235 1.70925 2.35151 1.74792 4.77814 1.75992 3.04787 1.82458 4.58341 1.70735 3.22117 1.71054 1.87972 2.47891 7.75847 -0.26276 11.02751 2.50929 2.67526 -11.64041 2.21464 1.51819 4.00480 -2.92894 0.67530 4.78811 4.63814 2.83944 5.98985 -3.09947 -3.14047 1.91653 5.89831 2.54571 19.71716 -4.91446 6.85544 2.87156 7.61997 0.37450 4.30277 2.52018 2.63591 2.68217 6.26564 3.40878 3.75733 1.87702 2.15906 1.84144 12.12745 1.77058 3.79025 -5.36928 3.73437 1.99813 3.43341 1.90950 3.00573 
-3.46023 1.14717 1.79046 3.11962 2.26986 0.47005 1.67478 3.94392 1.71895 0.53136 1.78557 3.01998 2.01228 3.34436 1.86487 2.75776 1.75245 2.25477 2.25873 4.55532 -0.38935 15.99773 2.49794 3.26066 9.51577 2.43501 1.89940 1.22229 0.28875 -1.13223 -4.11582 4.76173 2.14640 3.10544 -8.89615 -2.90746 1.90181 6.68431 2.45825 16.15825 -2.89237 6.36629 2.75791 7.44630 0.87893 4.53957 -0.56433 2.46619 3.45419 2.51015 2.10922 1.99709 1.72134 3.90587 1.95709 2.48356 1.78387 3.11756 8.02733 8.73007 1.73676 2.89388 1.63838 2.54175 
-1.62176 4.07630 1.81756 3.20218 2.17308 -2.59500 1.80216 4.18595 1.74518 1.30327 1.79159 3.33293 2.18175 3.74864 1.79053 2.44642 1.76673 3.44997 1.99739 2.38727 2.36123 11.53788 0.80081 3.52161 22.28433 2.48630 2.12911 -0.35087 4.12406 3.37707 0.92523 2.61694 1.59913 4.23782 -3.03414 4.29681 1.75852 5.72862 3.47725 13.33168 5.75872 -2.76274 1.21124 5.93751 0.74889 4.13619 0.20451 -1.16971 1.25735 10.51129 -0.51731 -0.06351 1.69142 4.16330 2.09569 -1.74143 1.78795 2.64965 2.06600 6.50681 1.59728 3.57431 1.70281 2.65239 
0.61585 4.68095 1.77459 3.15966 2.26844 1.21431 1.85410 3.80584 1.61919 4.16150 1.79287 3.42237 1.75039 4.27375 1.70301 3.41173 1.77870 4.05020 1.74556 4.73861 -3.37621 6.09209 0.41414 2.56375 -7.39149 2.92365 1.23611 1.54445 2.80454 3.62924 2.95668 1.55358 1.71885 5.87631 5.17022 10.39034 1.80795 -0.99673 3.87342 10.07860 4.99301 -4.34898 1.02992 4.43925 0.71458 1.27419 3.61408 1.12280 2.31441 14.62080 -1.18788 3.38252 1.79644 2.23091 2.02458 5.35609 1.78244 2.93880 -2.57693 0.09847 1.87821 4.90060 1.86961 3.23912 
0.22476 1.70287 1.66645 1.88428 1.91281 7.77881 1.38137 0.35936 1.30700 3.39900 1.45962 3.08910 0.92031 3.08893 1.19094 1.24718 1.53245 2.10099 2.10899 5.98770 -0.82995 0.68249 1.78529 0.65423 -18.91231 1.52457 0.58440 2.92766 0.00391 -2.33661 4.20520 0.77884 1.31120 1.66856 -3.23693 -0.10415 1.17738 -2.00160 1.43416 6.76041 -5.23000 3.14826 3.12883 1.51581 1.17634 -0.48373 1.26969 2.77219 2.45399 7.10144 -0.84244 2.56283 1.38067 0.85116 1.09320 7.38751 1.22979 2.09242 -2.85498 -1.22927 1.27385 3.86968 1.16163 2.04088 
-0.26152 1.05149 1.58700 2.27736 1.17283 7.35575 1.18575 -0.10567 1.29154 1.27049 1.06447 2.17882 1.51027 3.39285 1.52084 2.44036 1.04468 1.00096 1.76291 5.37581 1.44313 -1.99184 1.70039 2.39223 13.99083 0.76997 0.67337 3.39510 -0.82307 -4.95370 -3.31615 0.53591 0.92851 -1.48043 -6.85177 -2.36246 1.01354 6.47752 3.09279 1.15555 0.68331 5.97041 2.00724 5.06706 1.16680 2.52349 -0.76797 -1.66907 2.13670 -0.07595 -0.02865 -1.20544 0.97957 0.77136 1.87271 7.44162 1.60737 2.56535 4.33181 4.66418 1.19922 2.96289 1.32456 1.70687 
0.51715 3.90150 1.39400 3.12879 2.62341 5.80189 2.01886 0.64493 1.30408 0.63532 1.48501 0.87066 2.27459 5.10527 1.71865 2.62438 1.51233 1.45250 1.87627 1.03598 0.78203 1.08526 1.08203 2.50847 9.47313 2.02582 1.77123 1.00004 0.38625 0.87236 0.72288 2.22382 1.12404 2.77480 -1.65107 9.12034 1.38425 6.85168 3.41352 13.89554 5.20060 3.99154 1.12153 3.12156 0.53607 3.53493 0.71696 -0.20041 1.60877 7.65461 2.81292 -0.14370 0.88271 0.71901 2.54274 -0.82142 1.46646 1.97865 6.24832 8.05925 2.25297 2.15044 1.33831 1.34707 
-0.67503 2.28205 1.62289 3.43295 2.19365 1.98161 1.78071 6.34427 1.61898 3.24723 1.69700 3.50827 2.67824 5.43245 1.78888 1.85079 1.93044 3.56808 2.68651 1.58042 0.36218 3.46546 1.00318 2.27907 -2.64979 2.32167 1.60448 0.14743 2.02320 5.01031 1.11214 3.10331 1.52971 3.35992 6.27216 8.65339 2.19367 -0.69686 2.20618 14.10081 5.09573 -1.19777 1.59610 4.82551 0.24318 0.89177 2.54381 1.17589 2.23746 14.24295 2.31674 0.92502 1.32177 0.99598 2.23655 4.85293 1.10038 1.19319 -0.09756 4.55411 1.59580 1.20979 1.32843 1.25532 
-2.58226 1.16708 1.57804 3.16532 1.65757 -0.56424 1.37380 8.47519 1.51921 3.25380 1.84321 4.35638 1.93958 3.50487 1.10773 1.11339 1.15805 2.38277 2.31125 2.64678 -0.01173 0.59504 1.72320 0.75023 -7.82859 2.11523 0.95005 0.80876 0.46527 -1.15137 0.90648 2.30219 1.21567 0.63523 -2.65141 3.11521 1.41878 -2.54068 2.11735 11.06733 -4.53689 -3.25636 2.10154 2.96520 0.46931 -0.53455 2.42583 1.06416 3.59655 9.46174 -0.95294 1.38334 0.77370 1.40256 1.81221 8.21411 0.83321 0.61996 -1.17065 -0.69336 1.40691 3.30982 1.10036 1.40395 
-2.42997 1.77510 1.48034 1.87168 1.42005 0.06706 1.09649 6.90106 1.12578 2.60771 1.21600 1.42706 0.71539 1.62133 1.44356 2.62772 1.29958 0.45343 1.93806 5.65902 1.09467 -1.25664 1.97182 -0.02662 4.94266 1.64019 0.93875 1.88264 -0.85330 -2.60263 -1.83099 1.33462 1.01900 -0.15270 -5.10654 1.08661 1.39107 1.31054 3.45238 12.30091 -2.45351 1.65263 1.51316 4.50771 1.05654 0.41974 0.94166 0.94476 1.85663 -1.89158 -2.35195 1.41088 0.75461 0.90789 1.88794 7.14368 0.76673 0.71610 -0.85066 -1.85454 1.94875 2.77083 1.04899 1.43732 
0.12247 2.51058 1.04404 1.32263 1.32940 8.49112 1.76221 2.12590 1.34869 0.32079 0.65693 -0.85031 1.66816 1.23914 1.78085 2.32259 1.43528 1.54887 1.07029 7.44342 0.16926 0.33426 1.51709 3.00995 1.77579 1.19164 1.07705 2.19286 -0.70248 1.19539 -0.38638 0.64105 1.28521 0.83189 1.94984 2.31127 1.62043 4.40152 3.17758 2.57197 5.48745 4.62655 1.93606 7.26596 1.51857 1.62146 -0.03820 0.95695 1.42127 -0.70413 2.21518 0.09259 1.16709 0.54645 1.16314 -4.53710 1.11634 1.64764 0.30151 0.30541 1.52680 2.01378 1.34087 1.29634 
0.14521 3.29652 0.85673 1.31582 2.60848 9.76719 1.90530 -0.64967 1.58182 3.18007 0.95273 0.95788 2.88470 4.67910 1.03545 2.16636 1.43246 3.99251 0.56460 2.54005 -1.73638 2.85118 0.79141 3.44406 -2.33910 1.58421 1.37230 0.81610 0.68541 2.24997 2.40295 0.89604 1.38202 2.08587 6.41417 2.67672 1.18783 1.97502 0.22793 -4.57047 4.90426 -2.18017 2.01433 4.95496 1.73514 2.02584 2.04220 0.99412 2.26639 4.37127 3.05550 -0.43058 1.03500 1.17991 1.05291 -0.31934 1.36226 1.50942 1.18576 2.59758 1.29558 1.47477 1.22880 1.50431 
-1.66897 2.07532 1.30390 2.74496 1.99444 9.31188 0.82322 1.74237 1.62054 4.11818 1.20621 2.41112 3.61406 3.93266 0.58438 2.36533 1.33813 3.57773 1.10300 -1.18232 -0.48805 2.29926 0.69779 3.14801 -1.91439 1.97030 1.22528 0.21447 1.25831 1.19377 1.43598 1.05822 1.38136 1.26400 3.60627 1.05976 1.44396 1.26134 -0.48270 -7.74119 -0.46197 -2.47961 2.34600 2.79218 1.63592 1.15547 2.66433 1.24353 2.46379 8.29454 0.98874 -0.41006 0.97730 1.51854 2.14175 7.19132 1.17668 0.84887 1.35479 3.46675 1.37208 1.21252 1.04086 1.41733 
0.39660 1.51788 1.91087 2.39738 2.10238 7.18114 0.62435 3.98266 1.44007 3.80956 1.07671 1.19995 -0.50999 3.77875 2.05673 1.52811 1.57865 1.65900 2.38349 -0.67439 1.67054 -0.01838 2.00102 0.52769 -0.67920 1.53795 1.11412 1.51413 -0.48983 0.12726 -0.70417 1.13125 0.99583 1.12325 -1.07329 1.05949 2.24907 3.36527 1.52106 7.12067 -2.73213 0.55999 2.22899 2.93030 1.12396 1.02271 -0.45924 1.14244 2.54972 3.77884 -0.59913 1.38581 1.08736 0.37906 2.62027 3.19236 0.89543 0.74789 0.96052 -1.70342 1.34236 2.09324 0.97496 1.28313 
0.75654 1.64448 1.33604 1.27087 2.80930 3.35330 1.43793 1.65897 1.11169 2.55270 0.98425 0.31259 -0.31963 4.62067 2.24466 1.61942 1.48714 0.23741 2.22463 5.27918 -0.75967 -0.06422 1.47243 -0.16118 -0.51870 1.45685 1.18214 2.12958 -0.60922 -0.43430 0.54725 1.21511 1.02966 1.22011 -1.72138 1.19457 1.17109 3.07388 2.74987 17.20440 -1.43757 3.59864 2.58336 6.88349 0.72874 1.01854 0.76064 1.00748 1.89443 2.82064 1.04772 1.31259 0.96371 0.13937 2.19998 -0.09425 1.07860 0.98561 -0.05071 -1.51091 1.93280 2.73546 1.37011 1.19087 
0.64940 2.12054 0.91223 1.63788 1.45420 -0.83743 2.12957 0.22317 1.40339 1.77817 1.10622 0.02480 2.18069 4.48865 1.00034 1.62879 1.28564 0.72208 1.39380 8.00856 -1.49966 2.47595 1.15379 2.53572 1.12712 1.46228 1.19019 1.55746 -0.20823 0.75611 1.25127 0.86809 1.29669 1.37416 -1.47968 1.21521 0.64635 0.22842 3.81291 11.08134 3.73341 -0.89622 2.44721 3.50322 1.17824 1.05103 2.15500 1.06324 1.39996 10.04382 2.00086 1.09820 0.89934 1.40399 1.92538 5.53649 1.23652 1.45716 1.33785 3.20959 1.53032 3.97005 1.42037 1.17144 
-0.89662 2.21479 1.28984 2.44262 1.44213 1.14492 1.46472 -0.47201 1.26936 1.01441 1.14944 1.06998 2.55407 1.65632 0.18448 2.37040 1.34133 2.18844 1.27229 1.04902 0.25705 2.57521 1.13294 3.28815 2.31065 1.14151 1.20353 0.81825 0.21104 0.94495 -0.37497 0.67542 1.25328 1.84267 -0.66095 0.96978 0.65555 -0.73151 4.26341 -2.69291 0.82735 -0.58385 2.41797 2.42394 1.40665 1.25306 1.20397 0.99126 2.97154 12.68350 1.06385 0.94900 1.13065 2.25715 0.97574 7.84162 1.03549 1.48128 1.44559 1.34639 1.50759 2.60077 1.06945 1.27333 
min err=0.04120
gbest=(1.10038, 1.19319)